10000
2879869
2606148
2596207
8356043
2156307
999
888
777
666
555
444
333
222
111
3365974
7252688
8353404
7537610
6636192
6983438
4566406
5656934
4392945
4453710
7844827
5106109
8432682
726363
9387887
456686
2572240
7977577
5884054
5189429
9197709
5113138
8830413
8836563
1727562
5064944
9145480
9145812
6647976
1958234
2107916
1892340
3841020
1369937
8692244
7605583
8925505
3797377
8449921
7531533
3489752
2464073
1795795
5648688
666704
3758464
4103536
5629975
1047895
7029551
5104891
9105595
3678977
9065704
8230051
7431561
5485444
6580767
3145948
7494713
850498
273774
91193
2281752
7270659
3348383
8616637
2557441
9933594
2561614
126792
2156958
1855349
3564402
6302814
7820511
5036020
5516805
1286047
5487977
5421204
3861674
3212414
1939834
4898655
2827679
9333646
2618593
9563218
2761165
2322649
7380413
4681128
5681580
8987016
660097
925091
3353554
1043509
7302310
6862655
2648678
7948698
8848479
5309892
1771189
7283967
4717340
9027455
6411959
9017398
1679748
5339369
813544
2237814
6288009
8032029
4028651
5730034
8467009
4490974
7482578
2106686
9804208
5241779
9166612
4477356
4810576
5817813
4181568
2035133
5520363
1522535
6101087
4191148
8152871
9781060
1415468
9387307
9919860
6571767
137824
9161053
53998
1464214
3943162
9174960
5574314
7635354
8011959
4521643
4665522
2923280
647005
6181268
6175841
4240269
2641343
5581448
9803665
3306133
6454321
6903484
8078868
7086907
5369379
93845
4028926
4742305
6338154
1103535
8103578
7504700
6762861
965866
4355463
2327721
7834060
2771593
9000491
3002941
181143
5133093
2261183
2866273
4025545
9655259
3261129
8073261
4357054
814770
5969972
1276857
6519064
6547773
9502748
9743468
3258724
3459867
1210656
1668489
6686886
8250864
253717
3051802
8582534
3107929
5072453
9181265
3308623
5533476
6664237
1062136
6290884
5720651
9292309
8666669
8287600
5137191
3089596
5873760
9763825
8216451
8835556
6027835
9215510
4069996
4150108
507574
166572
8524724
1386659
7254478
2738868
3076773
7650221
677124
2980395
8423778
336994
5176021
2368802
4643558
9260288
6843652
3781575
8829005
185018
8194230
2963836
8911154
8718661
6536849
4508627
8808794
1745152
7128053
5895084
9085098
990625
2079737
3072022
1757241
1123439
3505380
6786742
4172427
9968215
7334538
8588890
1429333
4968558
7149611
5457426
7419624
5122225
1220252
588189
6031062
9141781
9933617
8610835
238201
9476159
7374992
6211755
3458200
1475021
918778
287838
9650853
977012
4434396
7714129
745185
7209749
2902259
9691166
9981621
9660119
252385
8336066
6545709
3222413
7834864
5224876
2336469
5964504
282223
39231
3541004
5297581
4476212
6533403
7854376
3178302
1009649
1101610
4709561
201602
4085127
7902173
4809789
4807563
6759861
6374739
8158649
6173216
1070237
2714357
8823991
7412687
9787410
3469206
4253669
8827007
6298209
4245157
191165
162968
6849907
6449860
1498333
6945674
8306971
4435019
843599
8983439
4687778
7128080
5159798
115309
7780561
3967336
8999162
2506846
764505
9790799
2307748
5918754
7504117
386317
4405866
1609540
8377608
524430
3664954
6551697
880640
3075152
1148582
6472728
8667411
4343927
4062419
3134024
6005055
2262988
3088768
7429371
128526
2174014
6940519
8441413
473923
8075543
4295104
2620268
7797532
3983995
7595539
9374287
1473815
8967146
1260810
99284
8905479
4934368
6824210
8461696
5816358
6539606
8512605
1942981
9164256
4831472
6361873
321124
9014727
93216
5811499
5929399
6167520
8635536
1319108
856000
9382421
289158
5759292
2711102
8855673
1293298
7821523
8455736
7803616
9054556
5948406
9667072
429787
6277126
9593095
8558354
9486106
4272517
1188101
7579782
5168041
8258949
652706
6126579
2110635
6406281
1479337
819506
1059637
727415
6453437
4861979
8062454
6160163
8180495
1406531
7446929
4545413
1492297
3536423
2315049
7442447
4044674
8316790
9030676
7504116
2970612
759614
190589
9428247
4892257
8961783
4917798
7168642
4818701
7565777
5496538
4828287
1686247
8701741
8979379
1949615
2213934
4588501
8514818
864294
596956
6597686
708115
8609974
1571046
7325546
7074116
5840742
3808752
6907515
3934426
4524505
5334228
1535298
9114360
2952647
4726185
1909288
2459838
5702806
6550240
1405794
4508891
2695749
4970965
7606413
1311832
89031
857584
2607103
8708233
5339107
7350455
5191775
973356
9700061
2265914
3119366
3419599
1545941
4562379
9830295
7716163
4206304
868702
9239401
9368976
6292553
3522711
9682045
4091856
9317401
9974827
3481846
4563691
8458117
412286
3082789
2766957
1118908
1007642
7741338
5444609
2126293
6161251
8034691
111752
1249040
95179
273287
267868
260938
1909049
840037
2317181
2997056
4440415
1044590
3177731
5925356
3935330
5051260
61723
7965153
1007696
6230618
1376322
4855126
8750035
407122
3518036
4998772
2125930
1817614
1604791
56858
9292158
3342339
3609162
7555034
2450123
5201138
1394969
9181120
593215
5992697
7785588
5315354
7236957
5719212
6098494
9698211
2232584
8223644
5436238
9273999
6466933
6038880
920598
6928877
6437588
6929601
2554523
5886707
9545876
9808121
495957
3704960
3686145
547765
443395
1648589
4107056
60866
1822701
1948785
3331583
7872297
1786149
8119339
5645531
8260676
570401
1639686
1198833
6008037
2744183
2880646
1496351
2376048
8808158
6996649
2332841
3019386
1108933
309025
4599064
120566
3944757
2277278
9276723
3890604
2629291
557405
6302999
790911
7329027
2304511
9296715
7143644
7608941
2283209
7009315
7819692
2227279
8434329
4749270
3647019
590445
5578283
1405909
3062439
8234660
7070457
2956698
7029416
4058063
7700850
1901774
9772512
7761328
3784652
1856718
6480763
9429063
7498450
9138527
2823899
9172325
3106936
9300555
596015
387385
7568343
1902027
818357
1297956
8589356
2564087
211203
4448766
4092896
4286595
8495814
8259846
9754318
7993212
6536885
3228221
1543930
757857
3068889
2731880
9706670
4895710
5569489
4424353
7214011
6147946
3809430
4133320
8371830
7140967
1301076
9749621
387681
5537863
9797956
3407095
6295402
2211107
9129369
5528700
3694060
3231338
5864083
8017647
850138
9566400
1034713
691656
1626294
4318343
7904635
2685635
2483603
2999874
2167437
2559721
7533377
6682318
1998255
222044
4190821
7136946
2086629
8411085
5429989
2633707
2769089
7397825
1401677
4615442
6395024
9929411
2627721
9003160
628834
5732563
840807
3582435
8379162
4887800
5413461
3326664
6460379
2111244
2225523
3857233
1456601
4358368
3983896
252742
1638818
5585256
4723857
6722728
7167968
8517644
3764791
3196802
5688884
1630537
5143145
269292
5547564
6045910
8220665
4935899
9503841
3394122
3106074
5865681
7818757
6421279
5528142
9641934
1525977
6740952
8322775
5736793
1004950
5997456
9000074
5278753
7835297
3387743
1778276
5004033
1427557
4305652
2199999
2904433
9173897
8670739
7196611
71896
4535194
8124227
6503364
2940158
9855365
1543802
3691793
5929605
373666
3283572
4261574
7209483
6065279
9899385
2335099
5444380
8900896
4767745
1178196
4070530
103190
6228612
7950746
3833372
9008117
9656138
4713465
929342
6269614
296451
113319
1136882
2801573
6312200
1015437
1271094
6376323
5383768
7952637
9643395
4516324
467027
9330457
490802
1492183
3698377
1108732
3364952
3994196
1804052
1297828
2159668
3366390
9807576
316562
4481509
9530747
717328
6502767
5105632
2262407
4721336
2635396
5328995
328825
1431254
1668020
2222045
6380822
8962923
2580937
5788151
8563419
8867044
4741337
1986805
9418125
1452504
8058428
437934
8216150
6992091
2812486
6794906
2153215
6975067
8383230
6357869
347831
5239367
512616
3536514
6385736
9135707
6267517
3960783
5833443
9379965
3752607
8423785
6471136
8494889
7379050
873880
8305900
4827903
9808094
8174534
5949568
366220
7261486
3890854
4868278
2748702
1761537
3283014
5242679
4155325
2266496
6333214
9143958
1585502
5048150
9233462
9343982
6212937
6342030
9168788
3241939
7918758
6250231
3122996
6422294
2824140
3921331
3071590
733901
6385963
4024439
2944633
2688206
9808354
8176094
9238647
4832432
5616357
7961676
9169747
3571009
898599
3475480
4715392
7182181
7793984
6732851
3688117
7507544
7225087
6181245
7932691
2512902
7221922
6064184
1110693
6922097
7017159
7910595
9544937
8156050
3500856
1178667
9580151
1053513
6476132
7278556
1084522
7951199
5990143
5923067
2442770
7904512
8100313
6176707
9467095
9537700
854464
5792929
7745163
4880653
6484547
6323209
2607506
5372714
5703644
168389
2633023
7584510
4552174
4249584
8121084
2603372
9248335
2355013
4770120
7119429
6006332
4815582
512614
2062843
4375827
6535226
8586715
3021600
6143573
5961213
2214133
7183371
9521829
9588217
1782168
2538239
6497809
6546874
6436739
5411972
6942363
2818230
2118006
8247932
9802820
8657185
2480296
7719664
2763560
4424888
9892617
4184616
7738065
4016022
2065568
3626565
4645338
6867526
286899
1792239
4247147
1519392
6388005
7724254
5735760
5338843
6945206
5504231
7152424
9072274
1147617
6586402
1443160
2723608
329865
3841727
1418986
9048836
8874832
2200871
4676832
6336278
3983865
2026009
1104645
1975689
8571711
440897
8057125
1224027
9415611
7950871
1454890
7373308
9414024
8060448
6268400
654734
8840937
9616665
5413231
3754031
8150667
2133625
1439638
1493283
5031396
5591794
4522586
4470937
713601
7829762
3329095
9389582
5216311
4931198
7795248
8691907
9608618
2302214
2067796
4000335
7652213
2933812
7043828
2029616
8446339
4628325
812211
9686500
954043
4391323
9400095
8540409
8840004
4044751
4943530
3782508
9489231
8862659
524490
7545106
9861349
3933963
3917000
9154593
289948
3217279
1078121
995082
4231751
5699328
6145399
7006514
8672448
1034399
9391907
2713014
1752810
5859055
3908828
7066833
6209876
7740807
1527253
3619990
7781261
502216
9580887
2423941
7125746
6915162
2056139
1516800
5975554
4955371
6532437
9942317
59122
9594160
2690561
9952252
9398311
9344800
8484272
5997057
3528839
9862896
3038329
8355468
9396411
1102390
7510930
9792164
1129931
9672341
6371834
8372875
3144978
9645735
3955178
8980610
3634878
3066240
1410654
7846670
241823
7775055
483640
7628249
5812142
4073560
2057965
7932773
4930382
3268985
9674575
5179214
3827415
3968761
2310875
4201843
404276
8416090
2680506
8277010
6046375
3973354
8371547
1633421
463586
7109536
2727047
6934845
4487349
2938429
4069967
7875236
5792019
8871298
7382043
7363464
2329516
4374984
1259888
1577229
8423400
7867637
9639926
3064237
522318
4054810
5521635
3201471
6921543
4063059
5572736
7750996
9902662
7936642
5269027
9728828
3691873
1476273
4802529
8151571
3886056
2764786
9997838
4162549
7230071
9010277
752260
4916832
837167
1615207
3936781
2704337
2834424
8374148
4445246
5724594
9771311
3112980
2705878
5331163
7142254
2952136
2960753
1230267
4659441
3914189
2731875
5729408
7967559
9834930
8370652
2018915
1600992
9458055
5285430
2398383
5356683
1217714
3542997
114222
6697871
4898485
1924282
4492092
5300957
4848387
9181353
703941
6222788
4749947
625776
1878566
667294
5754710
5080034
2821374
8447634
5384145
3943349
2126559
8025568
2393924
9181466
6699211
5419115
1878471
642695
6065778
2928010
8307469
6159106
8124760
284974
1457815
9398329
9202891
707775
507744
6013857
6119384
4159437
9802708
3238827
6652188
2373361
6465816
577417
365526
4079142
8466419
7125695
5328913
2632742
8486278
9215455
1201707
7874800
7616619
2488259
460812
2426120
1105398
5844315
2030195
609082
1327216
8362218
7879775
64543
5490955
4614705
6877011
1245381
4651844
2030792
51034
2435652
6329516
8330375
1634909
7890053
2434645
5874728
8407563
812110
6612194
2466881
1555112
3042101
4619475
7931734
9349881
8654437
8835969
8936709
4572089
4631634
4585645
4402636
9036408
782571
3508113
2697404
123662
4848196
8546072
2701419
1204079
2744006
1598572
2317134
6989056
8312024
7523911
9949145
5261898
9061457
1569100
9335275
4414888
1881376
4751250
3958519
4671765
8456629
1778261
7581812
8877927
2243167
716955
9538539
192980
3619678
99382
2056966
4939512
2125374
3880236
8432180
1892458
4977376
2642151
777296
3853593
4857763
4797736
9931608
9780160
6576639
6198063
5795879
3975324
9522661
9325245
2356619
8501651
8670406
2633219
5049373
7912245
6095137
819299
5241815
9256618
7329929
4518154
4974039
4604957
4891872
3279434
7171222
6867671
5150011
4842942
2294566
2335654
9746334
4321913
8702171
5740677
4820555
2459288
3871437
2740107
9473510
3781389
1457695
1323369
5383374
8127419
8894732
5185244
7186011
3159797
5113143
2366668
3423143
9142014
2956122
4979106
5502549
1993516
6045013
910675
8325398
5448540
3184228
8887708
617351
6740287
5766558
2786785
4486618
2707968
3568546
6926444
7021689
6006093
9766579
8620644
5359945
3016983
5219921
8576062
6942345
127598
1476290
2343044
7698440
2934325
5343385
1323091
430339
5767951
95670
4236918
3665751
8919353
2373580
6277789
1972031
1264957
787984
85217
5989011
7763524
2820162
8008722
7042742
3021681
1547731
8212547
7130911
7314845
2720578
5039446
9322565
9533668
1840729
3556362
5999007
9133245
5106323
9092706
8901079
6079861
6852643
8695163
6231312
1571043
3824040
9791238
7819395
2932498
3281459
599623
5612428
5141295
9147828
1978006
9103193
8685245
4293838
9304064
1093689
54214
8563354
2541453
973624
9999551
4139602
4563405
7993877
9920485
2987193
5887376
647667
5026456
6739548
4399403
6861685
5289675
8578440
7354669
4359589
9698283
1541502
7866627
499059
4331630
5668969
1177768
854868
1337738
997208
7120128
4143271
6567870
3941186
9652821
1125760
4511988
4165903
2999064
6531004
5768995
1611638
159383
745674
8852128
3427341
9602695
761311
2823426
9694453
1813555
586045
8715295
8835719
2649840
5865683
2178988
5821089
7270214
5003534
4072256
7286220
8617396
7523664
6969744
9235580
2944642
8148235
1494813
5948537
8378348
5864387
7223211
5737815
7574149
8657794
3719504
6404900
4005238
9784706
3385492
4806036
3794756
4162672
4742362
8503479
678358
8649312
5709798
799291
4508286
6177946
875696
1832813
8331653
7038680
8359758
5431363
2528930
4608290
7668084
2976536
9665359
4472985
3720069
3567754
7218992
9537785
1207172
3232460
9393430
9053160
9817906
2339419
6239652
1520813
5107393
2598950
4653171
4736443
3244260
7443758
2252537
2754350
9834328
5791014
1006529
8427970
42615
5421560
2755671
3756959
8273305
5316860
9667925
5116015
9852216
9539819
4067388
1032760
7190964
6593125
4327099
1731181
2992354
6331218
3662966
6929684
4682883
7357130
2022125
9235114
5137010
50373
4682501
7071244
2401833
145078
9444284
2788588
7750412
7971004
5839897
6961609
9396310
9058908
7539321
5891934
2176450
3249080
2243786
8887937
7480528
9853912
1901236
7826463
1513254
2372673
2591601
2956693
4186139
8120553
71500
4841829
3431447
3901067
3072951
9468615
8364637
4405696
850238
8188905
595808
1258077
9140574
5838983
7417868
3387615
2858256
6714038
907714
5700656
6525345
3845177
3146693
6506578
1760193
9227393
9011217
1368738
9022543
4296748
3185410
4922920
6327552
561070
1172712
5873106
9407319
6971367
3746919
5740976
6783668
6995508
1706482
4339533
6667263
1555838
2648076
2282143
9525815
7032323
5980990
3765464
4074361
2832153
98075
2262336
3279085
9970288
3181514
1161919
8629100
4023956
5548000
6749539
3830072
8310176
6438418
3187253
9732889
4067080
9122473
1442005
4994064
434831
6153704
8730349
4009656
7682881
9122698
5135536
5813185
6000470
1684608
8986604
4800864
7984745
5140529
7589265
6353536
6520884
5528090
9807197
5967780
3743505
7376770
4589199
8781346
9454225
6738773
779067
9254126
3408865
4456119
6842512
7534195
3894408
777730
8962745
6158594
76965
6138467
6737894
7276970
9607198
2447661
3448574
1130434
1234073
6409748
7330318
6297216
2680043
5868595
6900775
983569
6515303
5729546
33020
8031005
4985005
1467443
1874487
9414660
9073990
6902894
1633423
5565248
2572180
8388104
5357022
6403453
511177
1534466
6657766
5340642
6451527
7590420
1090113
8354812
2220278
6433590
5930035
191043
6946343
6850073
9331608
2449576
7324158
8736538
9800700
4927289
2636267
9046262
8881846
7109180
5660325
1364344
4961457
8414705
2985975
5790233
4647138
9964800
2871859
5787728
3038121
7251564
9450553
5467583
2665264
4667578
789001
9999039
7091931
1771423
2005789
9860804
2209924
2589679
9353790
5257845
2636632
4305437
2838347
5252828
1062010
2984631
1931844
7856673
6280969
2300120
681859
5029552
5259173
890673
2642789
5001694
2621333
6726321
2153586
8967413
5744405
8954971
4957435
484316
1705844
5120486
4687514
9329677
2116592
5676617
9731642
9131725
5948828
6691114
7965015
9485674
4385323
2801384
8074724
1507265
2373392
4219789
7275884
5876935
395732
1435278
3881224
1623036
9447760
4586402
152803
652007
2496843
329359
2862490
9494873
6876557
979831
3730866
5645430
7351811
3026456
7331770
2331537
1216772
5581573
456797
5443393
3965159
2976217
123289
2487862
4268744
4886779
2285171
6101332
1719511
9282781
4240836
3544340
1972141
294681
621365
5498833
5368147
7075481
877946
4748802
1840049
6717654
6823948
3511527
3803928
8190550
6617242
5643293
9291090
5700183
6469428
3867050
6103004
9626759
1661227
3487306
932865
9943125
364644
1276734
8392113
6200506
239438
2016623
7428680
3482633
3211943
3825097
286687
9510897
1225191
8339977
2411377
9196641
3310036
7270793
2497715
4047029
2533102
1903818
6065750
9847939
574232
9724855
4942179
5148964
6248930
562670
1880275
3564104
6571492
2774613
6888778
148981
6203145
5365843
572631
8627115
9704408
7993388
7372987
7604424
3102168
8468823
6804845
9106088
9138498
6534223
5393265
3664267
6278986
3021251
895297
601990
870199
6253366
8093100
6264441
9680626
5421479
8488478
5762877
2449432
4654335
4440314
946521
5292745
2115139
2189109
4473435
8862047
8474120
3012108
5626741
4401664
4993035
9458821
2136408
7042570
9113167
8312509
8071778
5671466
3806566
2424715
1362551
3674607
3803642
869036
9642484
619421
8814217
8755546
2256014
5954253
2074525
2085463
2520620
2249835
3701943
5229672
7459355
3006436
1448382
4977008
4528238
8233152
2412215
3621086
4382317
554827
5025411
2892297
8357694
4107330
3181854
9792893
9180853
747253
636522
10884
9704990
6142201
5404062
9304151
6671076
9557151
2439829
7795068
2749813
8701773
7748896
4077040
2803689
5637501
1151098
7536889
3497059
3072989
2786100
5892070
7469913
2410341
6517346
9058903
925434
9743299
9190478
3180289
6194254
6388940
1834922
1015720
2657521
1271790
9680774
4750887
2159372
3098522
9555005
4416294
8518384
5222773
403079
3546601
3391792
5194713
6947483
3157195
7931925
1195157
6912351
1442403
3302714
9898489
2188537
9916564
4318226
519166
329653
7212415
3207746
6979174
3261400
2236818
7291973
9767620
1755185
3293507
8805555
8581570
3618628
3992879
3867059
5793344
963477
6519609
6556652
1510329
2192693
345892
9724111
6576880
5484397
9308278
1338379
1015105
8882601
4681822
9599346
3617247
260944
4650163
7513525
4417462
1854563
9331589
6225695
9964326
1671954
4204058
5843590
6539172
519629
8868892
2005665
1461286
7202437
9201184
4578078
7794923
3219043
4982514
3014995
531932
972897
9554178
3303800
3589704
4991431
8033840
6390857
9738216
2392034
491883
7182166
8663845
5891171
6579502
7619329
6590451
8123018
7461952
3282958
5215492
8383220
3933323
825836
7664944
3138546
5052868
62589
698529
3209423
2163158
1958993
4139201
5748831
8394194
6499365
8817875
2380204
3109267
1890113
9076032
4037294
374800
6427986
3024632
9625795
2086552
4440964
8665095
8604875
996077
1219426
6109761
1046085
7898455
803300
7365752
5557877
5623859
4882318
1937046
5413623
8583969
2356510
3646926
5992433
9102345
3956542
5353422
7330880
9462424
8775072
9145900
8717909
1480238
3565507
6389941
8565380
7207988
8173155
1488285
4220018
1637691
5217011
8147882
8447432
6890738
8152413
2922759
9552477
9710100
5015879
2438312
7960281
3008335
8582123
7927257
3431137
5211449
9134766
2641017
5923266
226678
3125330
8886322
2008684
125274
6438870
2198447
3121844
1699995
5094830
6875193
4823229
2557708
7298155
9757180
991767
6998228
7578075
1300777
804304
2070883
9045782
6603486
9241725
5779827
2481462
4714462
4835761
7974285
765304
622350
4576702
66730
1478397
2914103
2865939
5425787
1189772
1184283
863227
2642968
1071674
6055401
666160
8701946
4001440
4008382
3835725
756188
4224248
7119634
4752696
1465136
8373705
8859790
6957393
9837014
9667275
6346470
6079181
4231921
1872895
7917479
5398895
5307517
2944308
8894143
8135527
5706578
8995568
3768197
2025826
8232740
3292300
7373557
2971005
9539686
8936422
3661849
7069623
8477705
6415350
3876163
6947938
6563835
7634671
7543244
104202
2589489
7835350
1546244
583053
7004431
9300630
7735252
5054117
540181
5915494
4710776
7686187
4392424
2484647
4809721
4728072
3486711
7630218
5322719
716637
9381336
8383479
2527228
7681634
5002165
4690860
4608052
8059645
3543884
2537866
853949
7482546
936984
7236666
8241224
4014161
6610344
4571392
3843072
218680
4486145
3604213
2453561
799921
5981351
4899897
397989
8943872
4276208
2115196
4025535
6009412
6202339
8892631
3471168
9760859
3528035
6882856
7504111
942098
8794891
610215
5930235
8639374
2263943
9747587
7073615
3389614
1300082
8920853
3984644
9309422
435596
4175805
4665083
4601680
8762189
2560358
5605559
2568645
4111075
4468648
6435033
2774933
7144045
6209809
9729684
888414
7308720
858237
602262
5085265
5712160
5691915
9757033
674131
6893480
5104445
5544034
661738
8853492
7846739
519255
4991610
9350563
1125557
7523789
2730686
5269900
8957286
1150355
5316238
2305253
7851500
639078
9388126
1891598
2660856
4138792
7531871
6832363
5620874
9894159
7560408
8283004
1628428
1827711
3055974
7461691
5673460
6704520
5563994
8410435
940233
5704738
5711355
6431085
6202039
2771788
1541120
4538060
517529
9367864
6837575
4108328
3138148
8787684
3290746
8793641
1210017
5242066
4841097
7718765
2013233
5053815
6390676
8603985
4340028
8107407
5132457
3571565
4215531
7329779
7332993
8844800
30330
5144325
3530776
7036018
8809914
2220623
1247308
3007081
7704308
1690686
7199173
3672515
7803416
9182476
5297945
594996
8329090
1199241
6937447
4259841
8913721
245034
9793201
3350577
3291482
4507457
8868567
7879308
9630194
5326529
7811994
9933213
7107917
2431675
4508019
1911034
5578757
5718693
8067537
1466111
4180659
7666195
1281715
7280743
7246091
8510241
1187687
5436026
1487619
2887025
7043252
4323346
8786259
9257281
893327
9637802
8359681
4246804
3132757
829244
4103658
5106303
5534680
8910656
2569029
3727256
4893262
6560199
1240699
2433147
5839196
5562455
8089101
6949556
7060848
9120443
353783
9146222
9117910
4770637
5770830
5713790
8036967
6415524
4851033
4666835
7050535
2416074
6284282
1067272
362379
2720119
4402276
8559880
2632667
9115038
1157018
9722574
863221
9895791
51618
5070417
9884950
7756312
3205021
2404868
4604219
6502431
5044778
7934135
7401131
6397509
9832968
4780274
6853015
4377993
8252952
4191942
6135301
8712314
4263289
9466386
416329
5198799
258285
9985408
2959837
546622
9858566
3407935
5835023
881607
6144594
8897382
8452556
8680595
7222827
1733711
6742801
4091415
3763201
9313204
445618
5511354
3419329
9815633
8242403
6037037
1379041
2712334
2012893
9207607
3031859
8449079
7158880
2712153
7764875
2603355
4123133
9282770
8937572
7149332
7166786
4757573
933422
12838
753624
954341
6519712
6214707
2289514
4512536
1884421
7592836
2504700
4119048
6084338
9370943
386259
9528946
8196006
9036625
5160994
5389472
9393651
4470039
2014807
2767796
775085
3128776
9480268
903509
6734065
8445332
8769193
3257512
4388073
6359063
9942198
9338437
87886
5977683
9368815
2334662
3893499
6692848
7727388
1843136
7276490
3364964
2196172
469517
4885652
4762045
3663915
7478464
1667674
2506999
9371391
7990020
5525698
3860825
4428341
1336154
2918638
2030709
6864720
9643968
5183068
2278882
8577737
2093034
2879535
9141339
5571723
3242966
8801488
4433781
4337996
6979995
8456207
3887818
5411997
5541018
762182
244277
5926237
877764
9965078
1750015
1693494
3816962
5326697
1939891
6817597
1913681
5127953
5169399
9399
2920465
1100276
5770144
4295604
8297483
3859218
1685295
8103395
9175791
179400
1741308
9089914
7841118
4087072
3897875
5426606
7515044
3838026
5119747
1971932
5737265
7053378
4263059
6642166
8389871
1634854
6375147
9594898
37546
343777
133075
8550365
7001614
5643715
7219482
7168209
9072429
5859950
7796832
8287266
6628637
921943
8782229
3009503
7454984
5232849
4798276
2351055
9729337
789010
1534627
6176965
9515826
8684708
6839327
1235420
5723977
1493222
9497890
2921765
7138651
3069049
3251092
8579949
4495852
9178036
1834401
4895515
3518395
2386699
8078755
5686040
9641320
9231396
5150733
9619095
2607019
1528126
7873859
879003
811797
1416451
902417
5223500
1099501
6920211
308854
8917426
4391140
2604541
8056942
4870841
3403913
8115561
7239802
8630410
1593196
515232
9474497
5409611
9055554
560593
6464201
425878
15052
5069973
1402380
7360733
5301536
8286921
592373
5633896
9111009
6924332
7097639
2467251
8417875
2817877
7380690
3419686
1750373
2590156
9254282
111935
5770797
7328838
8972047
5009855
5918831
5686633
7222284
923848
9277582
286969
2759786
5669965
2500247
9687788
7464037
5571882
8087175
3241458
4775471
6413633
2890335
2795129
177327
6575663
9590354
8588115
1653327
8006207
361711
7193194
3531991
3685482
8019595
97101
8479329
8012619
6003018
2760806
7509037
4064315
5418766
8854482
9401058
8582009
2997927
2702342
4602200
2997989
1358736
2316180
1193225
237320
2614712
6028780
7273553
5644546
5730326
3372448
7198624
4153916
6243801
6863786
9335438
4963450
3424998
9714810
7296247
3730613
5543471
2445307
7807809
8402162
6453394
3713192
483349
3187604
6023022
8192257
8110302
2824419
9836571
8293410
1681096
9632648
3658479
4920401
1783821
1365933
4095990
2563450
7565289
7341939
2814676
6560024
3998336
3439947
9941088
8355989
7357218
4831227
3122184
6491453
9877751
1163229
7962361
8501631
3014993
3743055
4015966
1303894
5319505
4947192
8665849
2862541
5857049
6254261
5488039
8805741
2375656
4830016
4136557
8323164
3797770
4247180
5519185
5924275
3376499
9055416
784759
3917282
4139812
4288652
9324313
9326766
7613429
8033740
5177920
9847175
8270066
8165159
1676602
1827916
5022748
271344
5627127
1919059
8870708
2423588
4743729
4292016
7950136
2574381
8445593
8255198
7209486
8862392
9363296
4396251
2233757
5958000
5278212
4619683
1897458
2282613
8700916
9820155
6254842
5736111
2868066
3262482
4440379
3760554
8068017
7473545
948845
2980444
4732101
7141738
6160486
2805484
3103658
317641
4322321
4782286
9177722
3795800
9730207
1389368
5239593
6774639
6721336
3258370
652293
3951453
2452454
710783
1901971
2711929
7384358
2769600
934975
6762031
2123889
4584109
7798462
952259
1848651
9564897
4430593
7439725
4365110
6022301
5625900
8589601
9130745
2500226
3070839
160436
1687924
7771550
6112753
73026
193634
751988
7511207
8760123
5320864
1830396
3653817
9415812
8597583
5745416
3817767
873997
6782327
5382404
5081366
8808986
8181275
7792665
2288947
757372
4974449
5712183
7750343
8385909
2535867
5492552
4267939
9504260
5464524
165386
6342938
6527833
115648
7636670
8588966
7599944
4033824
5018
4331638
1868208
1509294
7006143
3892224
4266084
9540555
7481364
1600445
6085925
7232809
4015567
6647235
7241401
9217109
4181543
4199543
3448183
6338770
5028741
7183167
3684363
3531625
9613650
9961923
6666005
2276022
4071657
9566435
9880697
8388111
1151858
6520604
4791447
6739008
6205864
6650307
2493747
1980880
9068127
6277622
3000595
1062720
3038316
8727193
763258
2168232
648982
4682867
9592964
3190066
5627135
9252510
6381597
3946351
5018284
464864
2209248
714363
3962500
7024495
7691838
4597085
3615182
4438934
8404605
2635119
5689491
7775832
4019711
9244147
7904896
8987759
9129128
18167
7032448
1391287
2654404
1766592
2700081
1346548
6171656
5567080
7555867
8757441
1770132
8557676
3626350
7035179
6074323
5559607
5459814
9774364
4010440
5127212
8243914
9499303
3790262
5231283
9286829
251826
4775623
7292220
5161138
2381180
442494
2634320
975206
3120244
980252
4807384
755334
2669537
5548475
7848578
7963808
3508881
3807243
4660843
443158
964792
5361341
4530168
5535113
4769712
4078521
9494604
2580079
9115711
3045367
8015620
3476504
8008904
2951674
8471605
1237658
3235303
5803843
6637603
7997219
2921888
3997713
9525940
661396
1174617
8907700
3902454
8458386
5293168
8983903
6704038
4946295
9629079
9966645
8245502
5987465
5987226
8276477
7873919
536022
6707761
51265
5192125
2442430
5058969
7117951
603042
1259351
5901541
8119451
6063511
5509565
7444956
8983898
2077058
1423109
5486864
8649127
8978170
7577850
503392
8103109
1962048
2551806
7820965
6603035
9966038
7995963
7192707
2720873
5765952
8840988
2609651
4649402
6652275
7555296
3758698
3333073
3488953
7152793
8349984
6980425
8472804
2110367
7967526
4643264
9234670
3512067
8155630
1053835
7952748
3158593
2623733
9812926
9478959
667987
7841948
3319530
564038
3426038
8967949
4523245
5221566
8321550
9735264
7799414
8179881
2816492
8717343
3926220
5748733
6768884
6504648
3177068
7759891
3275680
2256128
9390992
3960261
3841003
6836735
1890440
4973238
5255483
2351151
3799886
1855811
2087249
7460646
4110542
1666811
2002720
8952513
3069347
4674281
6799083
319934
1933245
9222827
1848327
4259142
2427400
3182939
2471521
919377
2108060
985755
9381053
6891428
8471937
1959283
4369126
1540768
8415006
130508
1654602
6571754
8224221
5644706
1357370
9955836
8052079
1568384
6976460
9119281
1216689
8463541
7832045
9668581
1293670
2001669
8572561
8824845
2157183
1967063
4754277
1517411
7096504
8238506
7217787
9474976
4542530
5335182
5717925
6192059
191238
3949033
1607740
6234219
8335404
7262953
4990334
2883140
3235226
4017564
2117300
8594757
2043274
6685907
233037
4573148
4299498
3803956
2215509
977314
5199734
8328487
6151151
2718394
4703161
7261559
3991497
5985660
6822262
8567035
7238248
4188528
9881448
2470644
2790078
8667361
1006035
263499
44291
3307455
5267920
7109617
8102385
7031880
223120
9737515
9240748
887433
8882433
6101216
2443319
7748423
6961074
5098721
9624580
4330149
1149201
2974570
4485744
4315836
1002600
8989966
9476613
6420595
3934048
6600320
2446451
8200024
156958
7773541
7858985
6536619
8731357
149676
3146469
1647852
2522949
3859264
5982810
74289
83553
3527807
5211452
8025307
7156830
5098119
7801668
5435555
5888968
5831732
4337568
1031208
1273180
5043559
4670861
4894609
9110898
4446592
628200
2160643
5967928
1650919
1357443
7117109
3786191
9140580
4119549
9318132
5953264
1412960
4640565
837049
9741950
5927387
4708894
8659938
5808024
6276113
4733985
6112500
6169284
7042843
399023
6754239
1702229
7727114
7329417
8420725
5833556
1203089
6922168
9226158
8009755
1132002
4453862
3657431
4055759
2599052
3822955
7789628
8655161
3635312
5567113
5182638
7710005
1769726
3564627
7174547
1598615
9505871
2802703
913442
256560
2160772
9142794
4095836
3278109
7978290
2400953
7750613
5569189
9132589
6183301
2019264
4474625
3157985
7057434
1505552
6868383
5871765
8270235
3580846
1384455
4854925
8091511
6114655
9417169
1194089
8542206
3716125
1584845
5536992
9979873
9633870
8436224
2179380
8208325
7303822
1836721
526519
7462245
3362929
5541063
6447444
2760927
2984095
7657902
9437669
1295735
5877703
611869
4951111
9866262
525214
1105388
5196922
577834
6584176
284981
4034555
1853579
1866058
9177892
582901
4102687
6183704
3641892
7584909
4283361
3150028
6184425
7890438
3963598
6442713
3424073
3302698
5319984
3075713
5457264
5377208
4158102
5490612
3745763
2047682
2122530
6537104
1021196
8237777
6513345
2236034
3326801
7938341
9545048
9041985
424614
5770563
1524244
4232765
615144
7567359
999207
3407488
7643431
6177813
2431265
771474
7750300
8078306
177367
2577354
8611109
1508300
3325391
1443003
211348
3986826
9912985
6630917
8934996
2929985
1907018
7853874
3568512
658493
9562659
6029453
2067961
8187651
4823848
8809239
4609918
2462068
3805899
8517053
5920626
3316008
7928059
6184019
1548788
8686612
5192070
3644671
2175927
1159796
209166
1782759
9851965
7201594
5703556
9562089
6431004
2216795
4697958
5739575
7852783
1849955
4954084
3203163
4851297
3189983
1498964
9707042
8883467
8947079
3772590
7392121
6780520
5665837
9970637
4108218
9540386
5195922
4350985
8507980
2365486
4584561
7488256
1010059
8878840
409964
890681
3248547
2470866
451593
1474029
5280460
9093170
1890377
4971210
2530678
5017438
505572
2008840
9996040
1412696
1437010
3773437
3964520
1641431
2667447
8368542
4503567
3963854
8620395
738255
5862739
7260732
5428022
2078125
6792035
6049441
2314343
9030761
1763526
3681138
9780878
7814405
1975597
5519426
456582
7328530
5267935
6198841
7674861
9078590
1891022
4650007
1981738
2835122
9741699
6446869
3539665
457326
1265713
9115419
1752568
6822417
1677104
8604350
934743
5192476
8717643
7461112
2877307
2781398
3616127
5172016
1484342
238329
4698485
5248920
8752731
4479528
3934308
2402774
3037524
8194756
3634340
8023656
5542968
4645873
7906099
8049087
7985974
5833213
7264907
4401358
9324328
9966526
6327568
7002883
9534681
6245101
9573915
1012844
8298013
7237438
2191005
8194524
4121221
3139337
7646762
4119090
564985
5216912
9783587
6046840
1090401
7191418
8186489
27656
5819259
158082
482094
7132385
291156
2937810
9957631
2051095
9438871
4907011
612157
2546199
6129999
8894283
75938
5178699
2570818
1926633
4854046
9900807
9926262
6339906
7394001
2109672
643556
4103458
9076156
5337118
5707164
5209638
7652755
666430
374840
6331499
2062069
8614264
3929494
9825339
6428311
5944363
8129889
8170525
1290079
6529678
451375
1340640
786322
2086281
8907041
7474171
9180472
2690111
4621090
7636521
8802100
3403036
2082746
4537144
6909005
9608598
6429885
9318585
1265738
6247949
3764377
1649396
6803253
5946571
3094879
8235969
853245
2654318
5325129
775009
569133
884986
6454913
1792171
6170264
3226990
9252917
2657829
875363
883432
9349669
6735217
9411417
2929672
9484111
3411709
5979441
4135860
9590188
5001264
6963113
7589224
595481
40843
7054431
8506324
5372228
4490706
9917074
7716323
6623172
5145624
4148569
8204958
6672322
6935989
8304648
7863328
3460936
2372959
6737877
6787421
3089830
6490753
7037843
4054861
9996446
2949210
9735970
9815677
8840137
8171647
398083
3755554
8687345
2184491
6617965
4465138
5855499
6870479
3193808
8643310
1100446
1484003
3719377
8779559
5082865
7128254
4576625
7889832
7462210
8966562
1897463
3006753
1611773
3808679
5729268
2340974
2781726
8378545
9774654
5443308
8055179
8260771
9808130
1778764
2434197
8215331
2279373
1616092
3898676
5450965
2400693
6043206
2106989
2941704
3929823
5294567
3050327
8313308
2642277
140984
4364255
477535
9422265
9255275
36388
8590702
7220956
6463874
7813488
818301
7362504
2701181
2823702
6254030
8984801
4930359
6403173
4061039
1456293
693996
2103916
5823711
4858336
5897295
1993812
7159448
5948015
9709781
1600601
6905587
7928706
3554782
8878649
2016757
2857648
9308380
5939283
7704253
6577308
5008752
667152
413548
9244375
1057188
113258
651670
3297948
7119675
1117103
3469136
6717745
8776599
1224780
421877
5802943
9576393
8145957
918340
6343870
2976255
6355695
5231556
5538951
982983
5832600
4050343
9673354
8254584
6039427
6016305
5599377
2261642
9778889
5882435
3884615
2741679
7997111
7781708
5602656
26952
7655607
1009780
2671885
815667
8367871
6910012
8340622
7295667
9024211
3476213
6226540
3961256
6249511
4786751
6064314
8744741
5877559
4915973
3336900
1527692
2062858
8632333
7954334
2175895
2199427
3032428
9543813
2286689
1093657
1179295
6599409
9343198
2676629
9828638
9177631
5030400
1740043
1663520
3535035
5253712
2858892
3943662
891001
6229235
232162
7212821
3129574
5858034
9835987
6843036
4552627
2651109
8143422
4923417
7176593
9813085
9143868
2122679
754492
3590368
8563235
8381538
5182494
9632245
1465797
4750908
2826965
3266226
2005431
7902585
3845746
1011186
6458577
1647511
9098864
9037634
3180567
5060500
3907112
585781
1439023
7465065
4957125
1603428
5026779
7164651
8143021
5236162
3648721
7344998
4242136
4432954
5301776
7179247
4410177
927391
5429513
4749347
7108762
2351267
7287962
6945053
4642742
9074488
7210178
4658248
20450
223428
715017
1218225
4791699
7441199
2048693
4268769
1258504
9562882
468231
9545358
4727219
9583120
9927318
7269929
1925393
3356661
6502123
8788002
8926994
7661650
9422736
9653201
7928198
8013939
3014247
6698024
1713879
388695
6853901
2616019
1157472
5959972
1124029
283341
9166655
4497296
2524735
5137006
6781479
4454897
4602723
2739181
9891617
7298624
8796503
313853
9214092
17430
5033271
9330775
4667342
6599564
6109034
5784219
3540272
264880
7788329
6464182
8521154
4161032
3507327
4754549
4721857
9456743
7545554
5601121
1772994
3750830
8433012
571486
4814550
1463473
7275954
9360704
495949
5667392
4400946
2744329
5350945
7561002
3106390
9398877
2671905
8981772
9435161
7293821
8566330
468482
7266501
1106717
1655373
5423161
3157456
9629989
3810176
1135195
7191048
7331449
5549709
5569611
5812726
4791286
5304659
1937648
7607542
3750339
2478380
7018252
7466343
7106487
3767969
3859184
8920402
6655514
5938247
9199950
6825406
2164704
4314585
3850505
3657148
2753758
8034142
2904806
9195535
6331879
8324196
1240086
1587474
2842133
8519634
8575151
1005057
4220534
7816099
9281006
8967135
2712860
443443
2793858
5010448
6836315
294025
3344174
5215051
3882631
4222142
3844803
7867353
6993602
5569777
9875959
7946798
5494172
9379349
1380744
3391231
1203316
4496409
1766505
656332
2038140
9429456
2623461
409628
7667291
7368121
2254593
1606238
1443478
2896165
873193
8313958
9724543
5496931
7721157
7773339
9862326
5937224
7804963
4690699
41118
6497965
2874609
1665798
6060897
8828814
178700
545785
4868961
8389154
1826657
8143093
7432376
4999168
1675804
9981184
4702224
5777563
3112917
6415242
7789187
4040314
149065
2159326
8241937
2133542
7189917
1899778
1813430
8029625
1899583
9275146
4584772
4490551
6163761
2344118
4858180
3864016
6495465
4168393
6594482
6036150
3269254
7546149
3361025
5681326
1231041
246773
2181211
8195159
3449245
7024495
794878
5738366
2705027
5061636
8740084
7876778
459101
3112425
3165265
9052067
9519233
7384906
9967750
7480708
6418162
1267610
2099965
1143594
3598090
2309590
3912426
8098911
8412751
352151
6879648
9315629
5203826
7086331
6494921
3165812
4395824
4737558
9661976
9744360
8714451
8059830
879879
3012951
9218723
4776127
8974415
2875954
1248492
6641295
7610857
7274875
2924024
1177154
7587389
4058789
5895881
2645201
6932937
8854987
7538934
9599479
962135
9808606
945170
4655444
7463144
8247719
2828726
6236391
9391579
9265531
400558
2412025
8439538
9957685
2344358
6038936
8550319
3134879
6425600
9674441
2340352
3741571
6093377
4999310
8053665
5026748
1886501
9399039
8755637
1331194
1117829
9792004
6966928
8649745
6245609
6442941
8792201
5720190
7991403
8443398
9058318
2544764
4460002
1057343
1219617
701222
134280
444898
6226642
4167368
608486
7787157
6140452
6401143
3435382
6659741
6637735
2201254
5399958
1115307
1627887
7825227
206105
9360999
9039788
1393183
7047313
9514415
2545396
4177950
662415
5305293
7819097
2923336
4786352
9589441
2979155
9193788
6144217
5197481
1419360
8770775
4234332
5421680
9701711
3740048
35836
1506957
7371797
4678058
8550360
2066293
4333394
6907400
4989546
6600245
6917268
9750091
8533621
470008
6651968
3123507
9316467
9067095
417820
553280
7680530
4852660
810381
8998981
8654733
6993366
4658768
4585502
1862883
458486
718843
2621664
5585356
9847799
734347
2743594
5923091
4366092
7903830
1179968
2759766
6644136
6522006
3052565
2107147
3908925
9326952
3416467
4433879
2387866
3326373
6221487
1352122
8061934
7158860
5516305
7486726
814558
8110264
6327693
7020830
6301884
4599988
8504125
1386923
7459248
5746819
5020432
7285554
6616535
9946312
2705083
1745073
2996528
7283919
8197704
3185610
388507
8961177
7439026
5120585
6315131
7044838
5961375
4232416
8589012
3378413
9785509
6874025
4125685
4659177
6615391
3229875
7803255
233899
5475544
6195181
3713436
5067639
6789961
4485823
7658692
3910591
1472581
4108431
4472616
2621560
5643683
9267300
8667469
3287941
4390846
3983016
2447454
9456401
4930601
3750624
7833825
4818572
5660094
9519119
5741624
9188770
5441610
8493147
7821339
5179454
4952079
8834813
1388154
9700833
9745400
5840012
192018
576622
1985408
364871
1560555
269665
8965147
5362090
7570932
873541
7357299
2995303
3322423
1097139
3519537
6165027
9043614
107001
1759590
6666364
5790518
4504135
5147734
3183317
8893641
5990523
4350026
6043710
2534619
4014062
2339214
6745175
2977953
8842309
2221906
5026856
8549791
2994546
8731794
8699671
102125
6997760
8165890
7291661
2702386
3812558
7239366
8494314
273618
7369439
1715773
3932423
9278681
6847970
8137038
7394090
6466025
3977834
37521
2080687
7917238
7245735
2595781
5545780
7713567
2724655
4867142
1315707
7004515
9104944
7351786
5387837
7527930
6077206
9813225
9023000
7060223
9752826
7596725
1027206
100714
687379
9969160
755525
7384539
7010970
8090592
249412
8185172
4870632
5588198
7142320
387867
3021125
7039502
5088751
3417553
387812
3257454
3008350
1385551
3461496
505301
700088
3512470
2298152
3754294
2101218
3193670
5254263
8288215
862555
2597564
3552435
2214079
5016486
1983118
404704
6908969
6474261
4614973
989182
706730
1035734
4017286
8527581
8334023
944680
7353059
8815706
4726485
9721270
5919290
3718235
8537093
6950843
5016971
1083601
6117730
9113325
4989877
848682
2784009
3421781
3532621
8114303
235404
9225147
2743760
8722582
7018021
5452666
5234044
4957850
6001163
8249769
8244970
3026265
5567293
3769885
557061
8139669
5593245
4935078
799864
4368788
2813209
3492476
9115836
5911858
1857934
546190
2649697
3532977
8154609
8849563
6173714
5853268
1087226
3302360
1498199
6047351
3503148
3935922
9042608
9559715
4049943
6894634
7810208
4243665
408844
837519
3609536
8417672
6211226
5560717
8608372
8979963
8271530
6747967
7942114
168932
5171899
2416021
7683707
8196875
4070766
7916893
2072558
558538
2547041
3341214
8957630
5766741
2271871
90043
7974190
1760138
7534551
580061
533071
1730216
8761048
9207615
4042333
6009882
6052451
1254864
3840479
7538065
8073664
3819330
7166897
6343704
8683724
2081105
6494995
3665493
4722407
6250594
5340922
2034251
4457298
7371866
4418583
996634
370262
7691718
290219
7770380
4265858
1783369
2889363
6778537
6871890
8000607
323974
7191161
6113582
1376492
39054
977780
675772
3948485
8529935
699672
10125
8835535
8077532
7099500
6787674
2585084
2466465
1884940
4480714
4106235
5686138
7497852
4441624
2304484
280059
4565787
2729428
346682
374076
7665495
45489
1993035
9981598
8283553
713120
9693193
6956796
9772853
9492247
3124703
3264591
6848670
5803179
1486413
7402125
2768731
7329211
3798494
1859537
39414
3282519
7047915
231285
434841
2346273
7957113
969808
1190734
2719885
5948413
5243250
5540556
2218066
9852693
4088726
2709397
9148101
8894331
8341418
9445028
8183127
4484210
457969
116091
6668434
9808313
4345046
1461417
4695305
2312228
2384196
2590506
3350479
3003273
9929663
5135807
2657923
8537093
7554891
4129949
4190129
4454470
5204725
4323358
9520940
5285854
1468569
2799981
5542714
4950968
1639187
4735856
2341788
7851995
8990362
8760761
6848737
2052929
4991640
9823835
8119997
501780
7738325
4971225
6332436
6737558
7458009
5546441
5007362
3559014
2352345
3807104
5730136
5532919
815539
5012090
7384222
7674716
5077563
2957569
6940381
3298910
9370645
1362233
7408836
697741
2442666
5810445
5374722
7928712
5409778
9683218
7194172
7800893
2605533
4041311
7869537
3412389
7368150
91203
3248664
1031073
3043148
9320303
9014536
1791127
8543390
6447186
3846483
9877003
8809557
6382892
5220190
63048
3526758
8488390
234499
4044505
4176702
1761788
1319960
6538666
3959624
5474419
7321251
8531633
7142683
1656152
2125917
4982141
3150809
1526709
9025487
2505302
5460521
4393496
8538761
9973911
4007931
7528999
7222071
1880588
6551265
7590757
3554851
4250475
9399221
238617
154946
2338576
6068400
387998
1098874
4511606
7895206
6008279
6462975
4786694
6570506
8217313
4513267
9074098
5803525
2757527
3974046
4419365
5259190
7058361
9998588
9870512
4364561
5010296
807910
5621000
7602429
6418551
5971253
8092168
1900062
7166369
4606117
5493465
2588551
3983637
576085
1839009
7353464
6834267
172071
6599126
2605677
5326910
4141176
7604173
66565
9458614
2969338
5979276
5636281
3575684
5798478
2108422
8195920
9226925
8921553
2897083
3594156
5579404
7297514
97549
5201472
6051729
476646
4710281
314057
8034372
3434565
279263
378368
3266459
6672050
715100
1435578
1530519
8242450
1055574
5995225
8742909
5208610
4089615
5689641
6148945
9282575
7755748
9016139
321327
7614625
8993572
7779550
6965062
1182264
806122
8467240
2044614
2264493
6481392
6869837
6496767
5512013
7632148
6174832
9435560
428187
3872415
3532433
2349535
9308093
3531818
8937459
236794
5816014
8725704
6045113
8709970
1534982
8033565
9816120
5280341
7294799
3131466
6966625
2219399
8877816
7892389
2545431
6480057
525264
1305394
8784831
6374574
7675677
8504333
2282771
1249726
9882145
706316
2400587
2449928
7915286
7860879
1790957
8287399
6822821
7760605
7875059
9206557
6344152
9102577
6019359
8606423
1336519
8514896
7334562
2930858
2042789
1091669
4079143
1294990
1815418
6590154
9937460
144228
6307454
8069590
9309085
5227292
7957491
1433724
3394124
8921472
7067311
2864411
4482134
7806589
247497
9209378
3557935
193155
68407
1163494
487667
197084
746060
2312357
1086592
3081442
8825097
1664940
1065445
5273678
6899869
7324038
3804871
2524495
9305194
5964134
1745260
3416490
7056347
544472
7346555
8555566
2184264
2052796
5197687
5894056
6530498
7829219
979229
2306345
7166031
322099
340489
3600265
7395289
5362943
9811547
1151479
5934311
838666
5294494
1881514
3610691
9453941
9111968
3162558
3436568
9470599
7369582
4461278
53886
2786656
8530375
1933776
6193950
9877552
3660399
3753884
5280755
3138933
1078563
3077910
1112382
1458412
3147805
5426625
4762703
9247643
2981493
7015015
8290526
3779884
2529611
252394
147857
3062478
8130678
4781952
5223859
3687081
3052101
6557297
1027340
3393897
5722063
6143980
8525585
5923889
2221053
2708941
2672457
9419847
387922
2177717
1686687
9575612
8777164
2796935
5922273
2096318
3741796
9005421
6714932
8128871
5942992
2895674
471420
4686798
6177075
4692039
5881559
4740259
9618722
4474421
4816923
6358096
7276177
2199129
5976588
2030145
916050
3497314
299140
2298193
8511300
4278061
7596019
2471575
380214
1461386
7512133
6737666
8088148
2937513
5081409
1968439
3460980
7652937
6051825
5848553
6479101
6570774
4195323
5039764
7593222
4191613
6841868
9852085
989966
2913114
2613956
3923254
4016974
2634074
9509169
8207768
6207648
5094825
6038687
5701646
96003
4059600
3662664
1595126
6383201
4672441
4769812
6358232
2997268
5972059
7014925
9157123
413587
7584734
3120967
5300099
716628
9880751
3407845
9750214
723279
5764089
9920573
3723694
1394267
5309485
3670781
5651687
2909770
4720042
3340484
8971558
6156846
4729792
4305797
3202961
2134128
1944997
5876903
8073744
8633811
8471585
2102939
5135731
2631833
9700502
7040267
7939843
9012087
5383609
9454656
2955352
249323
3159674
9968793
1643022
3813941
7951358
7843631
5823383
2887530
4313114
274463
2739584
6019887
7732664
134327
4993885
3209889
6368810
9660364
1992608
9528331
5198907
8367619
629261
7409785
826908
3295144
9955289
3679773
8700234
972675
2745608
3810090
8175322
7644213
1250597
3049787
9766941
5392685
7833451
4853462
7529679
1167798
6734109
8017390
2957516
287509
2420126
91732
574614
1316652
8414600
5554007
3681265
3338681
4570907
8933723
9440796
5442938
1661264
3130988
6425947
9736432
4321695
2742745
8692717
4316158
7443211
7276416
3652880
902094
5618270
9150392
8261412
851841
7376303
9053868
1156382
7453402
8817596
6739362
38086
4065509
7057584
7360930
1940035
6004054
1714597
144401
3663425
3206585
3695726
7868159
33830
5966762
2441388
700829
1129138
4852500
8737188
4374599
3030878
8388533
4072461
9168648
6341168
1523111
4092485
8524644
9556493
7054072
5684729
4587689
9457448
3912655
2495340
8028198
5982165
8201588
6976248
5541566
8372407
5412699
2283569
5630862
9336105
6058918
3731383
5358454
358365
8423803
2952523
9293982
5782444
2701947
7133050
4436789
8002737
715166
2491827
8215924
3786091
7476675
603313
5857061
5938354
5183879
1478464
5657441
9857774
8415459
847474
3815254
35404
4404528
2073656
6896323
1623480
6917820
320239
5976809
7198789
5470344
8571625
4787479
7209967
7618978
2231146
6723779
2552848
803384
4083551
309898
115042
9917050
1610999
5902060
9725356
4276240
4007057
1201650
3040205
8293957
3587646
5874068
4365774
9158836
4669027
9802464
2365858
8462300
8617952
3237818
9492914
3422959
5170803
5117981
1303838
9516830
1262899
2792846
9834237
8979204
657478
3092728
4231390
1988908
5841878
1790058
5957661
6283413
683623
3433597
1753617
196524
2766972
6054674
6315962
7295400
3001805
521640
2662553
4601358
6031420
9453196
6193272
4115933
4529597
3250767
1619564
8599127
3691866
7239452
2738015
5277901
2161845
6824895
3392390
6788256
2378661
2270770
9839159
5159755
4432936
5508833
3736524
3044601
5642851
9184526
7392234
7363600
8083211
531805
2380276
5593808
9915333
6895057
7277594
2185971
6212713
1607330
3503475
6447805
8758777
501230
5485001
823438
6513904
230637
2208587
5819590
4949871
6408212
2033354
9165552
8006432
3324024
359873
2168179
1718056
1011673
211965
3230485
2735232
3450635
6754130
243046
5720000
9855191
7089211
3606786
1101773
228673
9524955
3037917
9003622
6587997
9121932
52612
1867740
6941670
6186156
1614008
444446
291895
809201
6899951
2717835
6505115
5170416
566934
2317285
6380186
6260125
9833208
6494544
9828661
1782038
4686649
2994666
3657477
2242999
3669370
3572210
1971685
3485599
6135005
4341815
288462
457147
4605287
7908821
813913
8397799
2591404
7417264
7687894
1600241
1121377
4150960
5529409
1542646
2541300
448735
5613909
4143354
2667011
4555050
6869873
6403026
2403382
2739769
2021516
3309039
364431
3078470
2646049
9671498
8223226
4486829
874411
4684567
8069657
3897225
3466283
3388639
9319039
1851367
2985361
6395478
6606371
7310591
7216478
4579145
8188088
8618553
5437481
5983972
9161162
6760154
9373136
3488453
525261
2714488
6067220
2060109
4254111
4964442
1566060
5354537
888579
515332
6872424
5702383
8015146
6246993
2297562
3075249
4314612
4813259
434757
982042
481410
1453743
2534134
4549342
3115265
923691
2254830
4867930
2875646
159143
5847867
4740589
149076
9612721
5747039
4340572
3054457
3605826
8853352
8523242
3216031
2764489
1061583
7220556
826627
5605936
2476789
8536704
1966308
5199572
4399126
593733
9642544
9656817
2195772
5792267
1851560
6227252
9322316
7921110
3165986
9200906
2578380
6955075
5583535
1235430
2562840
6009642
6868596
3959700
8598781
679472
2721534
8528374
7700785
1958578
2356765
894887
1085146
2863558
2954655
387210
5544936
7341379
1602362
7768195
7825342
2352062
2829856
6436262
8900361
7700289
5219876
3694234
6117419
6061648
8740001
9476554
4827329
2252365
553730
7981222
1305547
2557771
168228
6020324
9200352
4867349
2911830
7218041
6140359
1795966
1835034
2308010
524080
8014309
4252718
2647836
4030884
7110454
5120312
6356538
5285030
6780173
6297557
7666094
3190935
9280520
2763710
6702233
7851214
1451426
9577306
2162763
5325910
3204771
2229702
2233223
4015559
820934
5164850
3004903
7102693
7944317
52901
1852004
5969800
5728192
6024274
2869523
7116041
5045979
5338933
7462170
2435813
1301157
6258788
6163775
8175900
6489088
7129650
5973777
5582342
805589
6205823
1675549
4960807
4195567
4455188
6675030
6727297
7703159
1067921
5749357
2427627
1872310
7753322
2635889
8460447
93810
9800760
418727
4802280
9869793
398372
446086
3033572
1224830
4532175
2967107
5334079
2793485
4896820
3340812
5364060
4926877
2266108
6198900
454368
3620938
9407111
28741
6316576
2266487
7355521
5549718
1460656
5894807
5062429
8211421
7001499
4366323
549903
9808731
3329549
4405072
1348947
1666757
4304168
306270
8010162
9434181
146039
8911005
9078579
8132046
5984203
5736334
2546375
4466218
1005080
902526
1646108
9908758
3214211
4813289
5666733
7325265
5466489
2629801
1896436
913118
6646896
3060533
2344704
1713663
2512283
3818900
5492896
6242146
7293396
4041810
4685332
719560
5331626
5889629
4220082
3477408
6697122
1330790
6584973
1618609
9388414
9547201
5149233
8998661
1307609
2268401
896328
8998292
4710462
7503886
8498665
8914811
1096891
9167182
2007510
9929723
8226788
7747681
9197081
9632528
9195565
9619400
7913334
3256205
8928757
29798
5388089
1846055
3469362
1838877
6924112
6700942
4001047
1525981
7117565
8572311
7116288
1732386
4043989
2430681
2134697
3888803
7549334
9743936
3557684
9744090
1144974
8300722
7924693
8798925
6342569
7499835
5994840
4436102
1846745
2670783
195412
8822004
4905341
9673835
3738098
6325962
2662635
4936415
6671797
1655149
1368425
947623
1839377
1136144
4458738
3503634
1062004
586746
8077461
7431283
1927567
1085623
1037660
2173387
4375962
1448669
4787996
9856382
8624952
4113453
9433135
3990544
3445555
5683729
6514906
708492
5316547
523493
5704172
8916351
8705936
4533732
8025681
4625726
7423535
6098844
7305200
5550403
8142626
1561252
9425581
386559
8398780
8002068
1863900
2781206
4046516
5405318
5424919
107589
1934741
9956109
4939016
4151171
628344
3565283
9134398
1098820
889242
7241843
6572895
5232680
331568
3305317
2378440
5667349
4310085
8561299
6077899
3447870
7729272
8771743
9120128
145681
3967481
5611333
6879564
8513455
1015883
6027745
5635386
6089060
5283025
3171819
4000508
1983320
8155101
8176438
5292121
7430012
3493328
3551290
9759517
2384651
4318702
8267056
9325155
336240
4091570
5612158
2319210
9103430
2850396
6261199
6111155
592419
2492347
8876034
1082163
3532432
3733140
8206622
8395448
5264363
7116879
2517080
7248138
4872889
6003390
9133464
3987043
7450677
3346880
3150653
157061
1383949
4894978
1868209
6941965
560219
2378112
5127000
3315246
8052352
3656639
3900688
9848983
7324899
7016730
8390808
5547735
8065016
6502718
8223869
3305109
4233022
2619571
5812346
2400302
1185529
1331243
7765472
582061
110975
5030803
4304151
2243081
2849284
3156014
2694166
8007201
9044466
6189183
7665338
2411247
8142081
370044
5729269
5873178
2092010
5377831
6089269
6855801
2080119
8078762
4100893
4097345
4039176
4011516
5436608
5626984
6740453
6419926
1872333
329900
5160594
5664701
1617476
6031606
5275958
9585172
5787220
1938604
6632412
9332370
938238
9395931
1150278
7567878
3394786
3956381
5142098
7712509
6233644
5575812
7695523
2635232
6845918
3281174
6111814
7156035
6764978
1538421
4025174
896819
6050578
4549985
3619902
9982159
6641163
5585862
5817724
9585382
9327823
2324958
9277943
8934433
4193500
7833813
2133980
329950
1595471
914174
5751577
131655
47971
2264958
3883364
9965835
1569650
5710819
7982746
8846346
5264587
4836784
902938
9358201
1534403
4973041
2868809
9728939
7833271
1271859
455127
8258441
149940
2297576
6873139
7880047
483910
9380312
3533693
3533138
2734399
6454614
8646301
8982003
6863069
3343781
2297611
6562825
6948441
8009483
6043471
1061196
1302639
7687857
344959
3167018
5893268
6926977
2293653
8705236
2450311
7794294
5282592
8770008
2990561
4634205
9315111
9434952
4319322
1311025
3079092
3470215
9560438
1513588
2879675
3466846
6724378
718364
6330312
210378
296085
4048419
5553816
3916228
827132
4642554
2024555
6709352
5269569
7901095
9568264
1136652
5905883
6334989
4620920
8431785
2974995
7050067
6210356
7144621
2271266
5088516
1231119
2559352
5168035
6329120
3277650
9731977
8730391
9430756
6692513
6410640
7392012
1453038
8571738
3060231
9379395
5100183
6860162
5162888
4251059
3067442
7581954
1074421
9083750
2436081
1072555
4943375
13416
5896346
4838539
3260619
1866143
682080
6232450
5610735
6541390
9489071
3535218
2794352
1026886
9762602
4568732
9954930
4495137
5714605
7854712
6923669
3982387
6092504
1324423
8496948
6541860
3540386
1392817
8897128
7166681
676552
3234437
8857654
9930749
9142036
3833149
2898371
8283228
4784476
3569920
9619119
2721690
3516473
8577780
3930893
7738102
6653614
4305646
3669520
1463128
7763840
36699
3662919
3562047
634917
1910325
1459645
8091150
5170132
7579463
9914546
5885885
9213519
9231974
9102158
9957227
1743245
5610856
3450249
7516013
5063865
3548019
6245415
9337322
4640212
929885
1496001
704732
6926072
9079950
3928299
1570225
3799093
4677041
5913144
252407
3147986
3641753
7914318
9039645
3166350
8439990
3183273
9402808
2289317
8362907
6037497
5347522
6464061
8792358
4634289
1863668
9891458
9867265
7505009
6974305
2195695
1057045
3939522
4287337
6632980
4132191
5671508
9027768
87689
391975
4316514
498757
8101337
294909
9929343
9042846
5825525
4472754
8853960
6960278
9597099
8853895
6647642
4936968
1764141
7612017
1764348
1199738
8824104
9249118
5721576
9398247
7979577
5335655
9153965
319807
6810586
5110884
251079
9049488
5704774
3634790
2148966
4235670
5078029
2984489
800310
3342675
849089
814757
6760126
4936706
4986774
2814378
8116282
2414170
6242756
8585027
9704158
5881724
8674158
6196349
3695852
9597411
9765673
6365442
4724148
647498
7750299
7667549
5444758
6987422
2675423
6188118
8639873
2386220
747847
6122688
8712794
6698248
9309102
9509647
2273613
7358175
7407339
8230721
5027324
4250695
5812099
4461501
8429431
1265518
9879970
2217978
7162970
4433024
4458499
5903127
5101619
1892
7807022
861437
6254921
9939066
4140444
4174920
4745739
5891443
2603306
439965
6615640
5790169
3271545
9272010
9417646
3954743
4211351
8151425
3224575
5819335
8102957
3712155
3207540
129241
4369126
8206334
2268152
3240585
7534932
8516858
2995150
1912141
321172
1805816
3758066
7868931
1565022
1517438
2664499
3092370
5274140
9938534
9339167
6185256
5632072
3361984
1123015
1465202
312656
2597757
4320655
5073904
9228313
5277780
5326707
2908309
1943561
8278169
7973097
9602958
4656004
5672062
2667681
5275881
2761257
8921651
8088547
7120083
4590886
3874571
3654239
8537043
6070400
8534556
1822364
3686725
9521948
5852076
6313130
5721914
7280913
3891777
3597830
1583008
8954356
5971355
5916721
5391693
6081758
5697528
2002292
3400087
9460397
3629339
7464112
9977633
444635
8077688
8514636
3530619
4946825
2305621
8970749
2525084
7470384
2033397
8114563
8512006
8933224
699715
9331629
5767911
229147
7051694
4611703
9033409
8384686
5598623
1752013
835791
317707
4605933
8805702
3846268
4868407
1484526
7779635
75324
1974178
3742598
5410808
460187
3725063
6037728
8312530
7824931
1431355
1156390
8391386
4532599
9342114
2921012
9131433
2641869
4170469
2752651
4171658
7970788
7044283
2698148
9935648
8678892
592721
7713350
2938645
178881
9852365
519892
2388396
5891003
4605160
946546
3996550
9598080
7807128
5945384
5560438
2124475
1985696
5605528
5652495
3434958
9584508
5778477
9967264
4004842
4777452
2158996
6010565
1381241
6726323
6596482
5996271
5681293
4508242
971283
6319004
5324236
9076764
5049811
7777847
1444678
1114568
786038
399015
7042017
881138
5194568
1520874
4954235
1085744
2846381
2550631
6364778
8010827
2713898
2413633
1163573
1554829
5248008
6899388
6783865
6940522
3231903
1203479
8063207
6734437
9919282
1017728
3608900
7163864
5580542
7711287
5588178
3159344
171786
5622363
7380420
8755579
7018126
5531200
5637552
2015703
9974182
6162185
8576410
3185736
6385720
6417600
4098772
9645307
9645560
5111402
2159940
271991
2582144
4906128
7447016
1121358
749136
6290754
8294428
252799
8204785
6524848
3980896
6283880
7286448
8186017
2351852
6468389
6540184
2057358
4476354
2230731
6099605
3281824
197288
7906944
7186616
6520650
7894520
2591372
5993425
6612128
9702664
6310033
6667970
6500692
6627067
2045060
7123944
7309925
4550110
3935135
9855409
6017157
3801844
6819542
5417351
1389863
8003791
4249183
600355
7687688
3506058
5351870
1237549
825316
5905759
3221399
8620529
6393139
74960
202479
3037463
6221189
3516659
7899531
884955
4993545
957300
4458295
5534142
6132002
2320162
7755
3614049
1586453
9806363
7782447
355532
3225952
221726
2702668
7513949
6640835
3465331
5676016
7562890
936928
3447345
4126767
2065471
5591580
2491313
5638315
594540
188665
9090663
414304
1707250
4104124
2733068
3945841
1728317
3865290
4192200
84996
2612413
6048982
5619269
1091066
2831229
161946
5257997
6361171
6939643
375452
6406382
4986253
7786472
5928724
7794510
6004988
6374958
2326385
4741875
742808
1956286
2677677
5335817
283349
4486849
4015531
5403967
6604583
2698103
1899140
1126753
4162161
4450657
4551009
5687248
1609540
3257350
6881261
1722907
5099327
862868
7397903
5277292
5244702
4092743
2939898
4129464
4035952
6152305
7283788
6021647
5107371
9694729
8155035
312282
2044290
2048862
9000039
5103238
9845919
9504671
6904507
8511408
2337367
5798818
8438098
1147297
2717587
371432
8482395
6986763
2043445
5855624
6451286
1792597
4679483
677770
7349659
187222
1523174
7710949
1513145
6282754
2834111
7360378
705215
8699720
7856397
5234948
8503445
1695407
4504003
9325437
5215237
4392236
8164054
55015
9284504
2762122
865318
8020464
3799198
9326599
464178
5977173
9888064
4849503
9296024
1095444
1302104
8432452
141813
7643176
7432768
3927105
8672063
8733725
6786982
156919
5032710
3261164
3192343
2443703
6290224
1748519
6800018
3599687
3845058
3161164
3470174
5471295
2507019
8011864
7625913
3841415
8811546
481678
8065720
1622922
4608676
657771
3584195
3211365
4648296
4981216
7172478
5082003
9354046
2689074
1631908
1074508
4181498
7600549
4653379
8285574
3197408
8598371
7883444
4485367
1735796
1157212
6129116
9605182
8121470
4643587
444818
3659268
6353818
1348695
105920
6558190
6185314
9334957
9197992
9226925
7094578
9084499
2992656
8046952
3305579
9456680
4519305
6861227
6258160
8933619
8138680
5006369
3356501
5037114
142258
6895088
9913358
6412925
1745381
8764174
1088473
9538836
861427
4006155
7310059
406869
2061395
6567913
4767135
7307431
4569926
6106103
660047
5175708
3503822
8045834
7122857
5445469
3677037
6711464
8707947
6206650
455846
9891432
8217687
8482568
2101275
4120304
5738830
1569907
4711306
9220383
9195619
9576665
4912558
6291165
3914288
9300205
5775238
4098147
7278267
6988624
9630684
5791541
7709969
3998561
3570478
7152691
3124687
5341316
1582582
488760
7930314
127544
4282265
6883472
2814504
5540137
9231962
7423026
8411155
339354
1101890
125546
6951128
651606
1832845
9428268
477115
1275401
8528087
453452
9120988
200189
519571
4928774
9949083
4573498
5766497
8297202
4780592
3849242
8021810
9955025
1851644
9102067
7042957
7838357
611834
6246030
3465820
1443492
1039441
1845680
1315938
1215300
9346968
930414
3490057
6065157
9220248
9940031
2689864
2105209
5135084
1904338
6410933
3102532
6948754
2410645
4438813
7891598
8873853
124056
2534656
3916140
9993760
6754366
9036077
8968559
831737
6483892
5031245
5358189
5009074
7262410
4546073
8310292
8547017
5500531
3706990
2267932
3783678
7821082
4400302
8018849
917078
3225090
3012253
1659533
2687564
8016504
6653397
8549952
15428
8262932
6623320
9145300
6872095
9263089
6627012
9324424
690901
3671573
3981110
1857926
7666659
2783233
6981980
6121989
8998561
2243590
9202439
9913844
5467929
7687489
6963591
4306530
9740779
3014256
7370309
4029522
9162499
7498370
5654218
477901
4868685
6524927
253498
8649448
8559620
9795096
9066949
2716608
4287310
5998286
637863
7195511
7724805
2930212
4913884
9566468
7281303
4497670
2863228
6531968
536949
2886750
5449732
3198167
5757826
4684158
2032831
2357452
4994609
8996423
3104997
484395
611967
5046889
7815316
247652
2426263
701746
1756456
8705476
884257
806105
6685759
1056312
3947035
8260467
477854
2035315
3918436
6920195
4027192
3401612
2591206
1045157
4713605
3813183
2457772
9129941
8838676
4634695
6515663
5768667
1605769
2432693
1387128
4113422
3955272
6373986
797749
8983984
8385083
9558144
736143
6680507
9407615
3386110
794414
102773
5085166
5426239
5289492
8727178
6018417
4787495
1207008
2978951
5513103
885354
3286996
8788678
5379551
4958683
2800773
221742
3885538
644538
7149506
8318059
6336200
5133758
9341338
837190
8744119
3302586
6666845
4182971
4542596
8275204
8863380
9463863
7067786
6525599
6504339
371796
4045648
51451
5981891
439516
2541168
4036897
9890319
430142
1565587
3593013
2925482
8716007
8729680
9874300
9016371
2822950
3616499
1831078
8104924
5988108
3845152
5809210
4198154
8895174
2570522
6136006
6578709
2999649
9163236
1985223
9889312
9458597
6299903
204332
4949696
8088617
9067020
6288334
4722778
6401910
1415203
2364375
1410009
2401876
1535236
3929058
2393776
9284057
6902101
210147
4932783
5085650
3135161
3808286
8749061
4225999
9294588
6069537
3166991
4933784
7159180
9340700
6769089
1674493
7434877
3846399
1564941
1947419
5759203
1433501
927777
6620035
6160167
9579904
3381147
7242179
4038841
8250289
7570318
8505948
6308059
1864565
7983946
3829857
7701852
8982617
1849431
5684414
2109501
449650
311053
6183724
5334430
9311878
9951878
2468510
3142081
8560759
9759685
3068134
7659151
1306148
5147289
1800305
9170144
5746098
303655
8361882
7405157
3598608
3233186
8089152
8430591
3165630
7344126
8711725
3577088
2575660
6002502
8537099
6309560
1691432
9684163
6564994
2736429
455394
9688332
1116644
8847117
7538069
5573974
9843695
7568580
3609924
6949479
1343005
2363277
6368140
6054520
3235827
4038437
7691940
7527001
6042378
2024510
5867713
1430741
2623517
2852402
2233389
9214877
9453488
2545609
4684344
3983946
3395898
7841653
2407297
9266236
5022748
9740214
9993942
4802983
1051888
3278664
3490427
2665074
9757306
275853
5086885
2343740
889144
3844219
9978347
8555703
7207859
2311010
4191055
1894629
4617278
810711
2138354
9412850
1263465
4310778
8367822
1165975
221251
2912214
4560781
4406777
9131995
4296087
2557614
1774281
9297625
8663218
7671122
9285193
7941251
785865
9811203
4096286
3167883
3910319
1840283
1135237
7672095
7339917
3867877
5516221
6038704
6944379
852341
8736965
5883018
984293
7438730
4585182
3091815
2964421
8163289
2088636
1869856
6795072
297891
5821892
4390207
376903
9026265
8875052
2958997
2045837
8996561
1680559
6893489
7959268
2064202
7652302
7224287
9859053
5678047
1028880
2713340
6192172
942309
9733737
6422005
8560877
1036675
634189
6774369
8011953
6661693
2295172
6542170
7714775
3797038
7397640
5234553
1954098
9873595
625560
3806076
1006382
862116
2161466
4951190
388692
759189
2836336
2281255
2995573
4576708
9185300
1617154
2342337
3311508
884849
7255711
3641890
1106743
1012659
2955968
8224899
9762821
2802626
9785361
5753034
7723461
7716332
1889794
4326300
2981668
2938925
1289972
4294572
1960739
4681347
8478341
1971230
5680612
8612771
78856
8271248
343875
166330
7849451
6991535
5302012
331885
9967862
9133311
3827493
9142401
3001853
1507575
4600869
6973191
8769632
5431978
2905554
8987167
3982489
8240702
9860870
5690322
8227467
6258007
1481934
7630498
2990906
8429032
8475254
2788495
2467593
3184611
6432372
4371396
8659293
289713
1489681
1509596
4667829
8623326
191448
9235571
7034128
8075147
6608014
6788130
8998910
4951702
6065659
8017627
8571360
1504352
9751060
565570
5122096
3200506
2740586
2722767
633314
8285231
7470785
7455512
9156505
4719592
6524346
1247454
8390803
6059171
9360832
1105967
2074553
3024728
7949431
4666738
5347948
7291553
3896522
3752743
4945509
7608857
2468457
4406120
9425385
9628582
9544523
9942967
8014235
1362859
7281545
7389903
9068362
3577357
6623878
8286462
6118437
481261
4333106
9981384
4209408
564195
8818029
2467896
3809880
9056792
111831
8543235
7512695
9832359
3223744
4932
4773504
8381221
3693700
6523820
559243
594339
9883747
5124561
9842672
4510856
6075884
6931392
1772472
7816028
8751025
9863925
3625683
4861564
7196660
7962480
7870606
6814155
9869466
385122
1812393
7978560
5157102
618583
273770
6693847
4148341
8607998
6857927
3483530
6010695
9043281
4040910
4691032
6382508
3170975
3335991
5162111
5013692
17116
7566779
1531907
9088718
3233068
4594392
8376644
4127354
3074105
3896359
1509149
5564585
2703781
5071137
2360186
3732683
2490739
8192494
3117761
3241557
4114628
3535954
2464948
1914364
475069
7416781
4706413
7869427
3751075
730302
8213671
5374870
3701488
7711215
9828870
1629282
6750474
6022270
7192686
267750
2776703
2862676
2294287
8680541
3765137
5993706
7277304
2982437
6851381
9947436
9206120
3097549
6579990
307846
2793943
6242393
7804067
3659903
7801971
2564703
287917
4918185
4242100
47616
2282023
5923326
5210619
7606691
3793402
6488710
500012
407899
9728849
8815637
2750956
6709391
6297789
2258030
2878940
7860539
4273207
515662
7922823
6527615
4564156
2448896
5905932
632838
9040168
4487383
5526927
3738029
3937487
2080272
9503762
9900252
4316021
3777414
9208170
844705
8903523
1279350
5075768
4118474
8679605
8431360
1036234
2338703
7882281
6635264
7566606
6807309
119240
3104859
4085463
5928321
487710
6628663
2852830
6439169
636636
2736608
5233694
742161
3219792
4000148
6449243
358522
8573637
5489847
2219186
1383328
2703057
1011995
9106385
183451
3609550
27539
860906
9459194
1487153
9145307
2717644
3562924
6433952
8320909
9452106
2619768
3164418
151093
6401101
7545008
1166748
7903075
8765252
1802579
5335227
9879939
3945234
8397669
7844938
8654325
5816908
4466919
7737695
6341037
8127132
62108
3760444
5392361
1800077
3424485
7474932
5115469
9776994
5109517
5246627
1368490
8996516
9855480
8423312
339458
9266052
7611648
272049
4569712
8273655
6533111
612847
3815654
1434329
2976293
876567
1332863
369621
1338321
3300160
6401229
1741129
7628318
3824457
608968
2871786
1095458
9403730
133761
6671817
9201689
6525624
7912184
1075983
8574002
1805877
9697620
2051538
1997121
4402619
7070608
57934
7694754
1084309
5082355
4977585
351506
2790534
2333699
3507997
5167977
8263408
6435934
7987969
50862
8101505
1588553
9287392
9833333
9719839
4644082
4659898
731734
4737529
9185409
9803529
2935807
6516348
6380852
2285476
1562262
3781077
4817802
7488717
3150618
2507496
8984352
3364141
6439117
3195883
2606159
805775
7085585
8816291
9832911
2146108
5596344
2884092
8119364
687725
3673772
7037694
1460555
8979836
348211
2126044
9437272
8583123
3854667
1933340
8185126
5969670
5150991
5978658
2906180
5031419
8588131
9864775
5077095
4309306
7811897
294116
7718688
9301464
2385973
9935705
7610597
8387276
3541823
7282785
4334976
7467490
559878
9143769
9059139
8214171
9475261
5382439
5870731
8082897
5769223
7209389
3968453
9822151
1469502
4183093
7513975
8845422
9502923
6646196
9478622
8115858
7573768
2897817
298584
9352604
131339
5344156
9852876
7705267
8319455
3436266
4291519
8454940
1296861
4463673
1476163
5084687
9806672
120616
9100479
8979180
6312262
5543692
4814313
6052927
4852059
6574780
103582
8467557
2853028
1110065
709860
6551521
862866
9029998
3731362
1032659
6248877
6029633
5551821
2167813
4209300
1526417
159207
9874752
5715053
7301698
6217785
9419419
459680
7689864
934171
1721609
6330715
6690420
1017871
1919897
5448471
7119921
3926296
6423073
4180513
3808658
540249
6761238
8709834
1668592
1023662
334308
4825789
9850122
3192384
2647913
7628093
2021377
9387296
6501160
6052736
121758
7538797
719847
3486170
2281174
6050959
2150022
4833018
8535277
6206089
2365874
4715475
2108681
5245373
4777611
1238298
1718411
7851761
3336129
8559306
1552330
7193417
4256359
1796774
8760263
8386443
6754108
1878774
4217042
2984764
8055418
6027018
3465738
1267407
715545
961294
5685571
2638969
6478071
1789143
7953927
845506
6628929
4486302
4260962
9337519
7409743
9883357
142577
4545846
7649412
1212063
9784123
5324974
110580
7622799
2461660
9021774
5592138
4669891
3012419
8750964
1338412
8390752
2402384
7579091
6670431
4381357
121139
7337109
8770095
6767954
6474659
7817204
3082648
1514802
8587426
5592070
9278496
6227648
6541140
8267394
4820766
6841619
9079823
564042
9837804
4088109
1988296
7441284
2459323
2566017
4585965
9865126
9746053
2583291
1673513
4264283
825631
2913985
9067204
9344488
8206595
8476497
7352766
9691075
4404463
6608687
3132639
3997428
6147385
6524699
1341684
2888007
9487802
2236008
4016117
4962326
5751532
452249
1768392
1466200
3220390
6606383
9750490
3171731
497190
2047778
5398296
3206783
9536100
5918703
2643327
6959778
2990797
1943671
8669223
512233
4294688
200013
283002
5590289
5465563
2025557
8808538
2218075
6661179
9646993
4909712
3584694
3091947
647984
3060774
4484112
173599
2369292
497426
7582778
3980412
3926840
7406915
7684904
8514053
6583876
9086060
9589726
9594287
7739929
3457898
2746650
7145606
858195
9435419
9974515
7089276
991641
2282950
4731102
422145
7015882
9733981
1706173
8482046
3302379
3411733
9690903
5397494
5160795
6579544
8533954
1033383
883826
446513
8868746
3712403
1914817
5644643
6341886
3477131
3819989
3279842
9870798
7446813
6084979
8310003
9616638
906007
6362234
3033813
2921592
6352490
2757393
99936
5928023
7407863
651536
6642437
6495672
5278162
276168
1617845
309243
3391045
5932670
9760373
9736114
3858069
4663318
4245717
6549568
6512711
2303442
2740294
4655544
3473607
4629340
4717186
6655628
3660487
2544295
3821306
1043552
6968672
2681376
1890892
159221
4839484
5944036
400063
4978123
3570291
1629147
9712144
4421019
4848245
6133567
8480578
3483605
4849161
7972343
617685
9420069
2163920
9318208
1188620
3037623
604738
451034
1913201
5440001
8254721
2569680
4326595
3159452
580385
7544468
4947306
2530142
8843946
7081576
9520579
1480179
9741015
790106
139895
2969829
748536
4313239
9323044
5531887
5426498
3011514
3872140
4162751
25307
4375451
5085856
956168
959179
9032612
4347525
3469545
2699378
82082
9659572
7127635
6623134
204563
2608461
6899319
2070922
8844550
7493773
3275121
5204959
5511305
491608
3723233
3686829
6947475
4122572
8656076
3942875
1134859
3555227
251496
5190424
4913713
1020610
7729339
2105603
1794056
8179329
1465190
7251349
1675407
6434793
7298180
9241088
1087142
3707356
1831178
1218743
3962660
1669931
1263103
990434
4656598
5226944
8814877
8185150
232472
7388526
7771501
9921494
3306187
3660391
259158
470354
1856191
9326582
3451174
3036154
3947200
6781478
4991666
1576740
6003305
6205445
2842727
7410633
1954731
5083433
8173137
4505539
3902697
8245295
7380426
1906364
9443104
2993577
6127404
1468377
2595655
3160721
1757075
4099529
2511470
6510717
1760797
1178249
6834071
466064
4761411
1637112
3430825
1987039
2813624
2809074
7524692
2703534
5932217
4948045
4999003
7331482
5774908
1185284
7114800
6781513
7581587
4546966
2184047
195332
8237894
1072703
1055941
8853069
7850252
2642046
5807068
435766
7526534
4404697
5020530
1258677
2501915
5745991
6980945
4572407
5997879
3811614
5745111
6096624
4981470
1746422
4483838
2493557
4649366
7116481
5740700
3055498
8022701
1721921
1082294
2048769
7205815
5193063
5741738
4041550
3635646
6008012
2681520
9151532
837372
3371077
7401570
8846682
3075487
6575472
6905658
932795
5916061
1280879
8369065
8271460
3461262
7771683
6402571
2258132
7159638
2772515
3980169
547923
6622722
3664304
427208
1459250
8608823
319749
6463009
6094711
9153582
3172768
5810756
7361394
6980663
7439435
5477541
3721660
3787603
5333116
5428895
6722336
4739741
4855080
9082134
5682348
5120225
9363572
745252
9318279
6315032
390755
2136661
9187220
4461933
8419666
5571446
8734117
9327918
745994
2828118
1800185
8520735
2774448
8630390
2477175
2359863
117573
4617044
4962016
290150
7681008
5427500
2700305
1796613
128386
7972336
61535
5723366
9232885
6839422
1941439
2995489
698616
5688064
5048573
2192140
5620925
59959
9968076
6745049
9013382
4982561
6064032
7282468
4513318
7369358
9400117
8238870
1672303
8887641
5313382
1647656
4962510
652935
4328938
9266459
6076792
5458349
8157985
6024259
3107756
7610303
6307993
6523917
7067538
7101346
1051682
8340842
3034675
7730108
5343207
1008227
534310
325380
6821966
5200640
2114066
2750661
7585290
2862457
8407074
740123
9754500
9713827
549391
1110445
8938010
7975914
4336930
5915306
1902065
8041410
9979788
9924681
7568689
2275182
6508069
6043877
1182407
1231265
7206073
1158382
6583299
6647426
6697111
951572
5245499
433766
4126026
9564691
1265646
3946631
1677880
5459955
6190456
4944651
6695747
9438020
7666803
6711484
2262025
9362374
314125
1972179
7154346
7615403
3316440
7990156
7435153
2359933
6793258
3359680
6735534
5582578
4563548
531176
2211621
4257162
1993919
6789575
9616752
5629146
8923909
3237593
5475351
3491256
1719685
511102
8936188
3851798
8916234
378538
9231325
6445000
4266229
2431904
239243
9322367
5333556
7061038
4162653
8571564
4725594
7411742
9877729
5987070
3748117
9998549
7122209
3882684
558549
4459191
7422952
9754216
5999933
2765932
3393367
2167099
4502149
1262978
2732824
7452485
8499852
339013
3644346
1888649
7647500
1390781
1643722
1023610
7879444
683549
674847
4668718
8912423
5778223
8410566
3099273
2519706
3586013
2317514
2386383
2601652
4517623
4395832
1620686
3086768
9713523
3351112
7516320
4385933
1145782
75820
1981578
3905095
5486866
9362211
8527965
6664000
9766279
4945019
3443440
4491521
3806011
4643965
4788939
4584819
9002333
4867885
8182530
2687304
3890658
5897685
2489386
7275591
9290227
8106865
4497884
661496
2199387
5385184
3480290
6855596
2137113
1668655
5739477
9342141
4549060
938780
9006084
3715822
7811888
4654558
476997
9924267
65065
7841076
3482124
2362962
1154699
4463317
3931843
2528256
6508417
2262586
5153987
7097176
5112756
5850345
7753087
2312373
4807220
7462422
1927176
2695649
4797101
1994431
4065250
1631151
5866120
3782486
67153
5682436
366204
4226068
5007256
4845188
9753482
7849962
5561050
7922183
4479054
9026744
9192968
9387208
9551778
6234856
6835842
370472
677662
3481820
7341983
8285683
4583415
8526630
2405162
1949077
3261268
5467895
8544320
8254267
761243
4226292
6790101
5569547
1913167
2201637
3822662
2049743
3606932
5968742
8577
2552105
9700144
6093559
9371063
551693
305198
9420357
5339538
4893694
5601883
7979695
9992369
2150531
7111684
3154410
6524115
534996
8337394
4861380
3073999
2343225
3606372
7045625
2316045
7964145
8024874
5722785
2325703
1311883
3999816
6144907
2866550
3214544
6623513
2805925
5975354
2556747
5970679
6391237
6909933
5475078
8109701
8906907
5209958
5285096
9481792
733078
530939
9416656
1837665
8839057
4883717
8522384
5744926
5063835
8714456
9343741
2579500
7543367
1902543
6569588
2477948
5747442
9503053
261483
200538
9336649
4786529
6649096
3473092
530909
1678480
9527576
722314
3415924
7209597
7392519
8927357
6724263
9640705
1068355
1654712
4586228
3414765
1330820
6518224
1809802
5587867
6446516
7630200
401049
2444033
6578697
6134589
4373232
360105
1460512
1197735
327816
4295726
6289545
1489118
5121418
841335
2269911
56413
8177969
1934206
1902083
5689153
4971653
889961
1641518
6960103
2932297
4238126
1932417
8726447
9729195
6246432
7010774
3241150
9387245
2285514
2555749
8308693
376590
5631311
5705513
6493830
4172986
1766689
9785377
6829808
655987
1824996
8600021
7477319
8263512
9875291
4857922
8362434
9820373
1904290
132660
4683357
4301591
1769694
6935292
5100389
574093
8973449
9080165
7598257
1599543
3307898
1872015
7060709
7006448
2840460
279766
1748353
746329
6421071
165977
6101987
1984568
3184412
3412696
4114036
9550221
5039135
7584028
2270116
4311317
3811993
8181637
7312981
5389562
5128701
9225969
5129612
9805783
4197154
934970
5502614
6902784
3026762
2196267
7287753
5965905
7538154
7928469
3271553
5195703
1457863
3068279
3541632
4790659
3105167
2901924
3662413
7327882
7197163
2828318
8881283
8449286
2996931
3413116
3208227
1129992
7680415
4360099
48380
7054519
1908783
1894031
4999619
5098058
2487137
3534336
3209722
1111881
5071212
9644848
7699400
4605534
3733058
3724130
1178351
3025030
7157734
3905929
2676160
7926922
9086989
7511449
843373
794748
6308627
850876
2747850
7057013
2600900
6755351
182064
4118718
9638248
8037439
676076
9684342
4939006
6587037
2871341
881913
6738555
9923620
3418134
3868142
2921112
5402049
7347213
4809996
5687401
7520178
8452971
7454891
6122693
7911121
2801
3481762
8776562
3381048
651219
2275362
7030594
2571778
6980325
6160755
3161198
4425597
6054176
4784213
5827561
9640717
1554501
8481236
5106576
8644372
5290490
8048060
7668069
1981054
686192
9691167
6406862
3444990
1121609
7557657
732396
4378473
3988942
8580595
319673
425030
8685894
7672169
7451866
3323507
2945055
2713963
7748546
2660858
1128606
4212909
6654110
4307287
5807548
9979583
6675228
5449299
7092021
5837947
4193237
8286650
8186032
5590585
2237015
7306129
7145715
6793434
375213
1708399
3927180
4101130
7173950
3025064
1368300
2158333
7410284
2036889
5088883
5306925
3774715
156516
7003032
1149737
560191
1477095
3386860
2083548
4763837
2480819
1528184
8524857
9763663
3153290
3527227
6645951
4210714
3400034
8333260
7475696
9783317
9314207
6826743
6318779
7322820
942524
2450085
4812482
6660650
277789
8749004
8637914
1410768
4186824
5253242
4787582
5985223
9698802
9900951
1029527
8314484
8356906
1692533
6340614
6480191
4453793
3622942
3544411
1888034
7928713
3575775
399575
1894332
8034453
6976626
9807573
323333
4551714
8235724
166939
4068438
4828261
8320488
9160
1170729
1591387
3276855
7735953
9366935
8406199
248760
2600317
5217848
6693823
9218517
7687133
1693532
7195535
398614
5875555
2746573
6126673
6828889
7825998
422765
6400411
6764152
2004072
8063564
5260650
4250872
3686725
9521948
5852076
6313130
5721914
7280913
4785672
8356043
2156307
895529
6865502
6251496
5275369
1153807
744489
9016730
9999999
1
333
222
111
5
3000000
2100000
1020202
-1
