1000
2879869
2606148
2596207
8356043
2156307
895529
6865502
6251496
5275369
1153807
744489
9016730
6841770
3362802
3365974
7252688
8353404
7537610
6636192
6983438
4566406
5656934
4392945
4453710
7844827
5106109
8432682
726363
9387887
456686
2572240
7977577
5884054
5189429
9197709
5113138
8830413
8836563
1727562
5064944
9145480
9145812
6647976
1958234
2107916
1892340
3841020
1369937
8692244
7605583
8925505
3797377
8449921
7531533
3489752
2464073
1795795
5648688
666704
3758464
4103536
5629975
1047895
7029551
5104891
9105595
3678977
9065704
8230051
7431561
5485444
6580767
3145948
7494713
850498
273774
91193
2281752
7270659
3348383
8616637
2557441
9933594
2561614
126792
2156958
1855349
3564402
6302814
7820511
5036020
5516805
1286047
5487977
5421204
3861674
3212414
1939834
4898655
2827679
9333646
2618593
9563218
2761165
2322649
7380413
4681128
5681580
8987016
660097
925091
3353554
1043509
7302310
6862655
2648678
7948698
8848479
5309892
1771189
7283967
4717340
9027455
6411959
9017398
1679748
5339369
813544
2237814
6288009
8032029
4028651
5730034
8467009
4490974
7482578
2106686
9804208
5241779
9166612
4477356
4810576
5817813
4181568
2035133
5520363
1522535
6101087
4191148
8152871
9781060
1415468
9387307
9919860
6571767
137824
9161053
53998
1464214
3943162
9174960
5574314
7635354
8011959
4521643
4665522
2923280
647005
6181268
6175841
4240269
2641343
5581448
9803665
3306133
6454321
6903484
8078868
7086907
5369379
93845
4028926
4742305
6338154
1103535
8103578
7504700
6762861
965866
4355463
2327721
7834060
2771593
9000491
3002941
181143
5133093
2261183
2866273
4025545
9655259
3261129
8073261
4357054
814770
5969972
1276857
6519064
6547773
9502748
9743468
3258724
3459867
1210656
1668489
6686886
8250864
253717
3051802
8582534
3107929
5072453
9181265
3308623
5533476
6664237
1062136
6290884
5720651
9292309
8666669
8287600
5137191
3089596
5873760
9763825
8216451
8835556
6027835
9215510
4069996
4150108
507574
166572
8524724
1386659
7254478
2738868
3076773
7650221
677124
2980395
8423778
336994
5176021
2368802
4643558
9260288
6843652
3781575
8829005
185018
8194230
2963836
8911154
8718661
6536849
4508627
8808794
1745152
7128053
5895084
9085098
990625
2079737
3072022
1757241
1123439
3505380
6786742
4172427
9968215
7334538
8588890
1429333
4968558
7149611
5457426
7419624
5122225
1220252
588189
6031062
9141781
9933617
8610835
238201
9476159
7374992
6211755
3458200
1475021
918778
287838
9650853
977012
4434396
7714129
745185
7209749
2902259
9691166
9981621
9660119
252385
8336066
6545709
3222413
7834864
5224876
2336469
5964504
282223
39231
3541004
5297581
4476212
6533403
7854376
3178302
1009649
1101610
4709561
201602
4085127
7902173
4809789
4807563
6759861
6374739
8158649
6173216
1070237
2714357
8823991
7412687
9787410
3469206
4253669
8827007
6298209
4245157
191165
162968
6849907
6449860
1498333
6945674
8306971
4435019
843599
8983439
4687778
7128080
5159798
115309
7780561
3967336
8999162
2506846
764505
9790799
2307748
5918754
7504117
386317
4405866
1609540
8377608
524430
3664954
6551697
880640
3075152
1148582
6472728
8667411
4343927
4062419
3134024
6005055
2262988
3088768
7429371
128526
2174014
6940519
8441413
473923
8075543
4295104
2620268
7797532
3983995
7595539
9374287
1473815
8967146
1260810
99284
8905479
4934368
6824210
8461696
5816358
6539606
8512605
1942981
9164256
4831472
6361873
321124
9014727
93216
5811499
5929399
6167520
8635536
1319108
856000
9382421
289158
5759292
2711102
8855673
1293298
7821523
8455736
7803616
9054556
5948406
9667072
429787
6277126
9593095
8558354
9486106
4272517
1188101
7579782
5168041
8258949
652706
6126579
2110635
6406281
1479337
819506
1059637
727415
6453437
4861979
8062454
6160163
8180495
1406531
7446929
4545413
1492297
3536423
2315049
7442447
4044674
8316790
9030676
7504116
2970612
759614
190589
9428247
4892257
8961783
4917798
7168642
4818701
7565777
5496538
4828287
1686247
8701741
8979379
1949615
2213934
4588501
8514818
864294
596956
6597686
708115
8609974
1571046
7325546
7074116
5840742
3808752
6907515
3934426
4524505
5334228
1535298
9114360
2952647
4726185
1909288
2459838
5702806
6550240
1405794
4508891
2695749
4970965
7606413
1311832
89031
857584
2607103
8708233
5339107
7350455
5191775
973356
9700061
2265914
3119366
3419599
1545941
4562379
9830295
7716163
4206304
868702
9239401
9368976
6292553
3522711
9682045
4091856
9317401
9974827
3481846
4563691
8458117
412286
3082789
2766957
1118908
1007642
7741338
5444609
2126293
6161251
8034691
111752
1249040
95179
273287
267868
260938
1909049
840037
2317181
2997056
4440415
1044590
3177731
5925356
3935330
5051260
61723
7965153
1007696
6230618
1376322
4855126
8750035
407122
3518036
4998772
2125930
1817614
1604791
56858
9292158
3342339
3609162
7555034
2450123
5201138
1394969
9181120
593215
5992697
7785588
5315354
7236957
5719212
6098494
9698211
2232584
8223644
5436238
9273999
6466933
6038880
920598
6928877
6437588
6929601
2554523
5886707
9545876
9808121
495957
3704960
3686145
547765
443395
1648589
4107056
60866
1822701
1948785
3331583
7872297
1786149
8119339
5645531
8260676
570401
1639686
1198833
6008037
2744183
2880646
1496351
2376048
8808158
6996649
2332841
3019386
1108933
309025
4599064
120566
3944757
2277278
9276723
3890604
2629291
557405
6302999
790911
7329027
2304511
9296715
7143644
7608941
2283209
7009315
7819692
2227279
8434329
4749270
3647019
590445
5578283
1405909
3062439
8234660
7070457
2956698
7029416
4058063
7700850
1901774
9772512
7761328
3784652
1856718
6480763
9429063
7498450
9138527
2823899
9172325
3106936
9300555
596015
387385
7568343
1902027
818357
1297956
8589356
2564087
211203
4448766
4092896
4286595
8495814
8259846
9754318
7993212
6536885
3228221
1543930
757857
3068889
2731880
9706670
4895710
5569489
4424353
7214011
6147946
3809430
4133320
8371830
7140967
1301076
9749621
387681
5537863
9797956
3407095
6295402
2211107
9129369
5528700
3694060
3231338
5864083
8017647
850138
9566400
1034713
691656
1626294
4318343
7904635
2685635
2483603
2999874
2167437
2559721
7533377
6682318
1998255
222044
4190821
7136946
2086629
8411085
5429989
2633707
2769089
7397825
1401677
4615442
6395024
9929411
2627721
9003160
628834
5732563
840807
3582435
8379162
4887800
5413461
3326664
6460379
2111244
2225523
3857233
1456601
4358368
3983896
252742
1638818
5585256
4723857
6722728
7167968
8517644
3764791
3196802
5688884
1630537
5143145
269292
5547564
6045910
8220665
4935899
9503841
3394122
3106074
5865681
7818757
6421279
5528142
9641934
1525977
6740952
8322775
5736793
1004950
5997456
9000074
5278753
7835297
3387743
1778276
5004033
1427557
4305652
2199999
2904433
9173897
8670739
7196611
71896
4535194
8124227
6503364
2940158
9855365
1543802
3691793
5929605
373666
3283572
4261574
7209483
6065279
9899385
2335099
5444380
8900896
4767745
1178196
4070530
103190
6228612
7950746
3833372
9008117
9656138
4713465
929342
6269614
296451
113319
1136882
2801573
6312200
1015437
1271094
6376323
5383768
7952637
9643395
4516324
467027
9330457
490802
1492183
3698377
1108732
3364952
3994196
1804052
1297828
2159668
3366390
9807576
316562
4481509
9530747
717328
6502767
5105632
2262407
4721336
2635396
5328995
328825
1431254
1668020
2222045
6380822
8962923
2580937
5788151
8563419
8867044
4741337
1986805
9418125
1452504
8058428
437934
8216150
6992091
2812486
6794906
2153215
6975067
8383230
6357869
347831
5239367
512616
3536514
6385736
9135707
6267517
3960783
5833443
9379965
3752607
8423785
6471136
8494889
7379050
873880
8305900
4827903
9808094
8174534
5949568
366220
7261486
3890854
4868278
2748702
1761537
3283014
5242679
4155325
2266496
6333214
9143958
1585502
5048150
9233462
9343982
6212937
6342030
9168788
3241939
7918758
6250231
3122996
6422294
2824140
3921331
3071590
733901
6385963
4024439
2944633
2688206
9808354
8176094
9238647
4832432
5616357
7961676
9169747
3571009
898599
3475480
4715392
7182181
7793984
6732851
3688117
7507544
7225087
6181245
7932691
2512902
7221922
6064184
1110693
6922097
7017159
3688117
7507544
7225087
6181245
7932691
2512902
4785672
8356043
2156307
895529
6865502
6251496
5275369
1153807
744489
9016730
9999999
1
2
3
4
5
3000000
2100000
1020202
-1
